id: 0
T_world_origin: 
    0.99919  -0.0397021 -0.00656698   -0.130288
  0.0400295    0.997332   0.0610477  0.00117207
 0.00412574  -0.0612611    0.998113 -0.00802195
          0           0           0           1
T_origin_endpoint_L: 
   0.999108   0.0421219  0.00296203    0.129301
 -0.0420439    0.998857  -0.0227407 -0.00696373
-0.00391653   0.0225959    0.999737  0.00765878
          0           0           0           1
T_origin_endpoint_R: 
    0.999999 -0.000830258 -0.000564391   0.00199708
 0.000830052            1 -0.000364468  -0.00529214
 0.000564694  0.000363999            1 -0.000137458
           0            0            0            1
T_lidar_imu: 
     1      0      0  0.006
     0      1      0 -0.012
     0      0      1  0.008
     0      0      0      1
imu_bias: -0.000531424   0.00310305   -0.0377638   -0.0018945   -0.0033349  -0.00224874
frame_id: 2
num_frames: 1766
frame_0
id: 0
stamp: 1773563478.349314451
T_odom_lidar: 
   0.999994  0.00228268 -0.00270277 -0.00681679
-0.00217703    0.999257   0.0384702   0.0115667
 0.00278858  -0.0384641    0.999256 -0.00788989
          0           0           0           1
T_world_lidar: 
   0.999994  0.00228268 -0.00270277 -0.00681679
-0.00217703    0.999257   0.0384702   0.0115667
 0.00278858  -0.0384641    0.999256 -0.00788989
          0           0           0           1
v_world_imu:  0.00961161 -0.00886255   0.0720693
frame_1
id: 1
stamp: 1773563478.449182987
T_odom_lidar: 
   0.999989  0.00233045 -0.00406334 -0.00610363
-0.00216752    0.999211   0.0396503   0.0110154
 0.00415254  -0.0396411    0.999205 -0.00342221
          0           0           0           1
T_world_lidar: 
   0.999989  0.00233045 -0.00406334 -0.00610363
-0.00216752    0.999211   0.0396503   0.0110154
 0.00415254  -0.0396411    0.999205 -0.00342221
          0           0           0           1
v_world_imu: -0.000785848 -0.000386068   0.00535225
frame_2
id: 2
stamp: 1773563478.549290419
T_odom_lidar: 
   0.999996  0.00240346 -0.00145803 -0.00676697
-0.00234607    0.999269   0.0381625   0.0112326
 0.00154869   -0.038159     0.99927 -0.00549938
          0           0           0           1
T_world_lidar: 
   0.999996  0.00240346 -0.00145803 -0.00676697
-0.00234607    0.999269   0.0381625   0.0112326
 0.00154869   -0.038159     0.99927 -0.00549938
          0           0           0           1
v_world_imu: -0.00401275 -0.00217201 -0.00772916
frame_3
id: 3
stamp: 1773563478.649252892
T_odom_lidar: 
   0.999993  0.00240138 -0.00286596 -0.00659635
-0.00228748    0.999232   0.0391051    0.010648
 0.00295766  -0.0390983    0.999231 -0.00426973
          0           0           0           1
T_world_lidar: 
   0.999993  0.00240138 -0.00286596 -0.00659635
-0.00228748    0.999232   0.0391051    0.010648
 0.00295766  -0.0390983    0.999231 -0.00426973
          0           0           0           1
v_world_imu: 0.000949417 -0.00254128  0.00910567
frame_4
id: 4
stamp: 1773563478.749322176
T_odom_lidar: 
   0.999994  0.00235469 -0.00234441 -0.00678186
-0.00226254    0.999254   0.0385622   0.0105702
 0.00243347  -0.0385567    0.999253 -0.00446843
          0           0           0           1
T_world_lidar: 
   0.999994  0.00235469 -0.00234441 -0.00678186
-0.00226254    0.999254   0.0385622   0.0105702
 0.00243347  -0.0385567    0.999253 -0.00446843
          0           0           0           1
v_world_imu: -0.00267997 -0.00173965 -0.00316037
frame_5
id: 5
stamp: 1773563478.849136591
T_odom_lidar: 
   0.999995  0.00206591 -0.00237833 -0.00695919
-0.00197223    0.999248   0.0387364    0.010638
 0.00245657  -0.0387315    0.999247  -0.0044415
          0           0           0           1
T_world_lidar: 
   0.999995  0.00206591 -0.00237833 -0.00695919
-0.00197223    0.999248   0.0387364    0.010638
 0.00245657  -0.0387315    0.999247  -0.0044415
          0           0           0           1
v_world_imu: -0.000269497   0.00248705    0.0032696
frame_6
id: 6
stamp: 1773563478.949130774
T_odom_lidar: 
   0.999994  0.00245761 -0.00240638 -0.00680396
-0.00236223    0.999242   0.0388675   0.0105022
 0.00250007  -0.0388616    0.999241 -0.00407319
          0           0           0           1
T_world_lidar: 
   0.999994  0.00245761 -0.00240638 -0.00680396
-0.00236223    0.999242   0.0388675   0.0105022
 0.00250007  -0.0388616    0.999241 -0.00407319
          0           0           0           1
v_world_imu: 0.000797432 -0.00419152 0.000392421
frame_7
id: 7
stamp: 1773563479.049190521
T_odom_lidar: 
   0.999995  0.00227228 -0.00221242 -0.00691268
-0.00218522    0.999253   0.0385904   0.0103991
 0.00229846  -0.0385853    0.999253 -0.00426512
          0           0           0           1
T_world_lidar: 
   0.999995  0.00227228 -0.00221242 -0.00691268
-0.00218522    0.999253   0.0385904   0.0103991
 0.00229846  -0.0385853    0.999253 -0.00426512
          0           0           0           1
v_world_imu: -0.00152292  0.00362638 -0.00105613
frame_8
id: 8
stamp: 1773563479.149323225
T_odom_lidar: 
   0.999995  0.00212381 -0.00238069 -0.00693506
-0.00202978    0.999244   0.0388276   0.0107024
 0.00246136  -0.0388226    0.999243 -0.00422344
          0           0           0           1
T_world_lidar: 
   0.999995  0.00212381 -0.00238069 -0.00693506
-0.00202978    0.999244   0.0388276   0.0107024
 0.00246136  -0.0388226    0.999243 -0.00422344
          0           0           0           1
v_world_imu: -6.99849e-05  0.000202391   0.00105916
frame_9
id: 9
stamp: 1773563479.249214888
T_odom_lidar: 
   0.999994  0.00263352 -0.00211152 -0.00699814
-0.00255001    0.999251   0.0386224   0.0106707
 0.00221165  -0.0386168    0.999252 -0.00413852
          0           0           0           1
T_world_lidar: 
   0.999994  0.00263352 -0.00211152 -0.00699814
-0.00255001    0.999251   0.0386224   0.0106707
 0.00221165  -0.0386168    0.999252 -0.00413852
          0           0           0           1
v_world_imu: -0.00147459 7.76921e-05 0.000124104
frame_10
id: 10
stamp: 1773563479.349173784
T_odom_lidar: 
   0.999995  0.00194529 -0.00242028 -0.00703554
-0.00185002    0.999247   0.0387601   0.0106449
 0.00249386  -0.0387554    0.999246 -0.00417251
          0           0           0           1
T_world_lidar: 
   0.999995  0.00194529 -0.00242028 -0.00703554
-0.00185002    0.999247   0.0387601   0.0106449
 0.00249386  -0.0387554    0.999246 -0.00417251
          0           0           0           1
v_world_imu:  0.00129673 8.43537e-05 1.50324e-05
frame_11
id: 11
stamp: 1773563479.449190855
T_odom_lidar: 
   0.999994  0.00237459 -0.00237727 -0.00683285
-0.00228112    0.999253   0.0385778   0.0105691
  0.0024671  -0.0385722    0.999253 -0.00416565
          0           0           0           1
T_world_lidar: 
   0.999994  0.00237459 -0.00237727 -0.00683285
-0.00228112    0.999253   0.0385778   0.0105691
  0.0024671  -0.0385722    0.999253 -0.00416565
          0           0           0           1
v_world_imu:  0.000306015 -0.000301402 -0.000381095
frame_12
id: 12
stamp: 1773563479.549381495
T_odom_lidar: 
   0.999994  0.00227163 -0.00248255 -0.00694742
-0.00217393     0.99925   0.0386733   0.0109169
 0.00256854  -0.0386677    0.999249 -0.00421285
          0           0           0           1
T_world_lidar: 
   0.999994  0.00227163 -0.00248255 -0.00694742
-0.00217393     0.99925   0.0386733   0.0109169
 0.00256854  -0.0386677    0.999249 -0.00421285
          0           0           0           1
v_world_imu: -0.00154112  0.00400314 -0.00119099
frame_13
id: 13
stamp: 1773563479.649266005
T_odom_lidar: 
   0.999993    0.002519 -0.00264495 -0.00696775
 -0.0024149     0.99925   0.0386496   0.0108476
 0.00274033   -0.038643    0.999249 -0.00436758
          0           0           0           1
T_world_lidar: 
   0.999993    0.002519 -0.00264495 -0.00696775
 -0.0024149     0.99925   0.0386496   0.0108476
 0.00274033   -0.038643    0.999249 -0.00436758
          0           0           0           1
v_world_imu:  0.000189924  -0.00278109 -0.000757338
frame_14
id: 14
stamp: 1773563479.749177456
T_odom_lidar: 
   0.999993  0.00250023  -0.0026181 -0.00702011
-0.00239776    0.999258   0.0384346   0.0109189
 0.00271225   -0.038428    0.999258 -0.00438787
          0           0           0           1
T_world_lidar: 
   0.999993  0.00250023  -0.0026181 -0.00702011
-0.00239776    0.999258   0.0384346   0.0109189
 0.00271225   -0.038428    0.999258 -0.00438787
          0           0           0           1
v_world_imu: -0.000538961   0.00222528  0.000398228
frame_15
id: 15
stamp: 1773563479.849102736
T_odom_lidar: 
   0.999994  0.00225258 -0.00254079 -0.00690708
-0.00215232    0.999245   0.0387976   0.0107492
 0.00262626  -0.0387919    0.999244  -0.0043237
          0           0           0           1
T_world_lidar: 
   0.999994  0.00225258 -0.00254079 -0.00690708
-0.00215232    0.999245   0.0387976   0.0107492
 0.00262626  -0.0387919    0.999244  -0.0043237
          0           0           0           1
v_world_imu:  0.000769011  -0.00375851 -0.000615275
frame_16
id: 16
stamp: 1773563479.949234486
T_odom_lidar: 
   0.999994  0.00252583 -0.00236638 -0.00694246
-0.00243279    0.999254   0.0385306   0.0107017
 0.00246193  -0.0385247    0.999255 -0.00451615
          0           0           0           1
T_world_lidar: 
   0.999994  0.00252583 -0.00236638 -0.00694246
-0.00243279    0.999254   0.0385306   0.0107017
 0.00246193  -0.0385247    0.999255 -0.00451615
          0           0           0           1
v_world_imu:   0.00251347   0.00280198 -3.91045e-05
frame_17
id: 17
stamp: 1773563480.049189329
T_odom_lidar: 
   0.999994  0.00221739 -0.00251433 -0.00632572
-0.00211786     0.99924   0.0389206   0.0109593
 0.00259872   -0.038915    0.999239 -0.00429802
          0           0           0           1
T_world_lidar: 
   0.999994  0.00221739 -0.00251433 -0.00632572
-0.00211786     0.99924   0.0389206   0.0109593
 0.00259872   -0.038915    0.999239 -0.00429802
          0           0           0           1
v_world_imu:   0.00548517 -0.000477293   0.00173129
frame_18
id: 18
stamp: 1773563480.149494886
T_odom_lidar: 
   0.999993  0.00268325 -0.00246454 -0.00608663
-0.00258642    0.999256   0.0384862   0.0106478
 0.00256597  -0.0384796    0.999256 -0.00430122
          0           0           0           1
T_world_lidar: 
   0.999993  0.00268325 -0.00246454 -0.00608663
-0.00258642    0.999256   0.0384862   0.0106478
 0.00256597  -0.0384796    0.999256 -0.00430122
          0           0           0           1
v_world_imu: -0.00137156 -0.00287637 -0.00105194
frame_19
id: 19
stamp: 1773563480.249455452
T_odom_lidar: 
   0.999995  0.00196074 -0.00262754 -0.00642609
-0.00185742    0.999247   0.0387619   0.0106373
 0.00270157  -0.0387568    0.999245 -0.00442368
          0           0           0           1
T_world_lidar: 
   0.999995  0.00196074 -0.00262754 -0.00642609
-0.00185742    0.999247   0.0387619   0.0106373
 0.00270157  -0.0387568    0.999245 -0.00442368
          0           0           0           1
v_world_imu:   -0.0020285  3.55383e-05 -0.000248959
frame_20
id: 20
stamp: 1773563480.349454880
T_odom_lidar: 
   0.999994  0.00245279  -0.0024499 -0.00639012
-0.00235608    0.999247   0.0387272   0.0102618
 0.00254305  -0.0387212    0.999247 -0.00434934
          0           0           0           1
T_world_lidar: 
   0.999994  0.00245279  -0.0024499 -0.00639012
-0.00235608    0.999247   0.0387272   0.0102618
 0.00254305  -0.0387212    0.999247 -0.00434934
          0           0           0           1
v_world_imu: 0.000238236 -0.00371494  0.00114653
frame_21
id: 21
stamp: 1773563480.449242830
T_odom_lidar: 
   0.999994  0.00235027 -0.00247668 -0.00637003
-0.00225289    0.999252   0.0386142   0.0104815
 0.00256558  -0.0386084    0.999251 -0.00426027
          0           0           0           1
T_world_lidar: 
   0.999994  0.00235027 -0.00247668 -0.00637003
-0.00225289    0.999252   0.0386142   0.0104815
 0.00256558  -0.0386084    0.999251 -0.00426027
          0           0           0           1
v_world_imu:  0.00152274    0.004641 0.000180257
frame_22
id: 22
stamp: 1773563480.549377680
T_odom_lidar: 
   0.999995  0.00222615 -0.00240992 -0.00607844
-0.00213114    0.999247   0.0387341    0.010433
 0.00249434  -0.0387288    0.999247 -0.00435854
          0           0           0           1
T_world_lidar: 
   0.999995  0.00222615 -0.00240992 -0.00607844
-0.00213114    0.999247   0.0387341    0.010433
 0.00249434  -0.0387288    0.999247 -0.00435854
          0           0           0           1
v_world_imu:  0.00169482 -0.00431243 -0.00131241
frame_23
id: 23
stamp: 1773563480.649147511
T_odom_lidar: 
   0.999994  0.00246376 -0.00257522 -0.00611754
 -0.0023629    0.999257   0.0384608   0.0102447
 0.00266807  -0.0384545    0.999257  -0.0045034
          0           0           0           1
T_world_lidar: 
   0.999994  0.00246376 -0.00257522 -0.00611754
 -0.0023629    0.999257   0.0384608   0.0102447
 0.00266807  -0.0384545    0.999257  -0.0045034
          0           0           0           1
v_world_imu: -0.000981612   0.00206925 -0.000995369
frame_24
id: 24
stamp: 1773563480.749249458
T_odom_lidar: 
   0.999994  0.00228901 -0.00267476 -0.00611032
-0.00218381    0.999249   0.0386926   0.0103734
 0.00276132  -0.0386865    0.999248 -0.00448401
          0           0           0           1
T_world_lidar: 
   0.999994  0.00228901 -0.00267476 -0.00611032
-0.00218381    0.999249   0.0386926   0.0103734
 0.00276132  -0.0386865    0.999248 -0.00448401
          0           0           0           1
v_world_imu:   0.0010007 -0.00219314 0.000708736
frame_25
id: 25
stamp: 1773563480.849130869
T_odom_lidar: 
   0.999994  0.00241354 -0.00255748 -0.00606883
-0.00231371    0.999262   0.0383456    0.010048
 0.00264814  -0.0383395    0.999261 -0.00442501
          0           0           0           1
T_world_lidar: 
   0.999994  0.00241354 -0.00255748 -0.00606883
-0.00231371    0.999262   0.0383456    0.010048
 0.00264814  -0.0383395    0.999261 -0.00442501
          0           0           0           1
v_world_imu:  -0.00209963 -0.000508182  0.000816228
frame_26
id: 26
stamp: 1773563480.949171305
T_odom_lidar: 
   0.999995  0.00208489 -0.00237077 -0.00637493
-0.00199123    0.999243   0.0388463   0.0102614
 0.00244997  -0.0388413    0.999242 -0.00434105
          0           0           0           1
T_world_lidar: 
   0.999995  0.00208489 -0.00237077 -0.00637493
-0.00199123    0.999243   0.0388463   0.0102614
 0.00244997  -0.0388413    0.999242 -0.00434105
          0           0           0           1
v_world_imu: -0.00143841 0.000965745 0.000385296
frame_27
id: 27
stamp: 1773563481.049254417
T_odom_lidar: 
   0.999994  0.00239732 -0.00247035 -0.00641096
-0.00230046    0.999256   0.0384906  0.00994506
 0.00256079  -0.0384847    0.999256 -0.00438131
          0           0           0           1
T_world_lidar: 
   0.999994  0.00239732 -0.00247035 -0.00641096
-0.00230046    0.999256   0.0384906  0.00994506
 0.00256079  -0.0384847    0.999256 -0.00438131
          0           0           0           1
v_world_imu: -0.00188057 -0.00389316 0.000543012
frame_28
id: 28
stamp: 1773563481.149130583
T_odom_lidar: 
   0.999995  0.00223076 -0.00242315 -0.00673893
-0.00213544    0.999251   0.0386506   0.0100219
 0.00250756  -0.0386452     0.99925 -0.00424243
          0           0           0           1
T_world_lidar: 
   0.999995  0.00223076 -0.00242315 -0.00673893
-0.00213544    0.999251   0.0386506   0.0100219
 0.00250756  -0.0386452     0.99925 -0.00424243
          0           0           0           1
v_world_imu: -0.00294444  0.00259855 0.000399881
frame_29
id: 29
stamp: 1773563481.249052048
T_odom_lidar: 
   0.999995  0.00214224 -0.00236281 -0.00685925
-0.00204912    0.999248   0.0387301  0.00995619
   0.002444  -0.0387251    0.999247 -0.00429553
          0           0           0           1
T_world_lidar: 
   0.999995  0.00214224 -0.00236281 -0.00685925
-0.00204912    0.999248   0.0387301  0.00995619
   0.002444  -0.0387251    0.999247 -0.00429553
          0           0           0           1
v_world_imu:  -0.00072436 -0.000766424  0.000341831
frame_30
id: 30
stamp: 1773563481.349168301
T_odom_lidar: 
   0.999994  0.00239245 -0.00234864  -0.0070097
 -0.0023004    0.999258   0.0384441   0.0104268
 0.00243888  -0.0384384    0.999258 -0.00414853
          0           0           0           1
T_world_lidar: 
   0.999994  0.00239245 -0.00234864  -0.0070097
 -0.0023004    0.999258   0.0384441   0.0104268
 0.00243888  -0.0384384    0.999258 -0.00414853
          0           0           0           1
v_world_imu:  -0.0021203  0.00691074 0.000994093
frame_31
id: 31
stamp: 1773563481.449197531
T_odom_lidar: 
   0.999994  0.00241707 -0.00249539 -0.00715029
 -0.0023186    0.999247    0.038734   0.0106825
 0.00258713   -0.038728    0.999246 -0.00413709
          0           0           0           1
T_world_lidar: 
   0.999994  0.00241707 -0.00249539 -0.00715029
 -0.0023186    0.999247    0.038734   0.0106825
 0.00258713   -0.038728    0.999246 -0.00413709
          0           0           0           1
v_world_imu:  -0.00166707  -0.00138314 -0.000380307
frame_32
id: 32
stamp: 1773563481.549098253
T_odom_lidar: 
   0.999994  0.00248724 -0.00232005 -0.00735955
-0.00239612    0.999256   0.0384859   0.0106398
 0.00241405  -0.0384801    0.999256 -0.00414146
          0           0           0           1
T_world_lidar: 
   0.999994  0.00248724 -0.00232005 -0.00735955
-0.00239612    0.999256   0.0384859   0.0106398
 0.00241405  -0.0384801    0.999256 -0.00414146
          0           0           0           1
v_world_imu: -0.00161405  0.00301769 0.000870381
frame_33
id: 33
stamp: 1773563481.649165154
T_odom_lidar: 
   0.999994   0.0024123 -0.00231784 -0.00736809
-0.00232023    0.999239   0.0389355   0.0109968
    0.00241  -0.0389299    0.999239  -0.0040595
          0           0           0           1
T_world_lidar: 
   0.999994   0.0024123 -0.00231784 -0.00736809
-0.00232023    0.999239   0.0389355   0.0109968
    0.00241  -0.0389299    0.999239  -0.0040595
          0           0           0           1
v_world_imu: 0.000909588 0.000436033 0.000249808
frame_34
id: 34
stamp: 1773563481.749216318
T_odom_lidar: 
   0.999995  0.00250714 -0.00213773 -0.00727758
-0.00242319    0.999259   0.0384101   0.0107645
 0.00223244  -0.0384047     0.99926 -0.00407489
          0           0           0           1
T_world_lidar: 
   0.999995  0.00250714 -0.00213773 -0.00727758
-0.00242319    0.999259   0.0384101   0.0107645
 0.00223244  -0.0384047     0.99926 -0.00407489
          0           0           0           1
v_world_imu:    0.0015401 -0.000199253  0.000496433
frame_35
id: 35
stamp: 1773563481.849028826
T_odom_lidar: 
   0.999995  0.00223991 -0.00220981 -0.00705508
-0.00215224     0.99924   0.0389101   0.0112035
 0.00229529  -0.0389052     0.99924 -0.00402355
          0           0           0           1
T_world_lidar: 
   0.999995  0.00223991 -0.00220981 -0.00705508
-0.00215224     0.99924   0.0389101   0.0112035
 0.00229529  -0.0389052     0.99924 -0.00402355
          0           0           0           1
v_world_imu:  0.00150089  0.00235536 -0.00160913
frame_36
id: 36
stamp: 1773563481.949175358
T_odom_lidar: 
   0.999995  0.00224352 -0.00242015   -0.006991
-0.00214846    0.999253   0.0385885   0.0108024
 0.00250492  -0.0385831    0.999252 -0.00438422
          0           0           0           1
T_world_lidar: 
   0.999995  0.00224352 -0.00242015   -0.006991
-0.00214846    0.999253   0.0385885   0.0108024
 0.00250492  -0.0385831    0.999252 -0.00438422
          0           0           0           1
v_world_imu: 0.000588506 -0.00331632 -0.00226674
frame_37
id: 37
stamp: 1773563482.049050808
T_odom_lidar: 
   0.999994  0.00231443 -0.00249068 -0.00694255
-0.00221662    0.999253   0.0385812   0.0111061
 0.00257812  -0.0385754    0.999252 -0.00438919
          0           0           0           1
T_world_lidar: 
   0.999994  0.00231443 -0.00249068 -0.00694255
-0.00221662    0.999253   0.0385812   0.0111061
 0.00257812  -0.0385754    0.999252 -0.00438919
          0           0           0           1
v_world_imu: 0.000219197  0.00384661  0.00115426
frame_38
id: 38
stamp: 1773563482.149097919
T_odom_lidar: 
   0.999994  0.00242747  -0.0024395 -0.00682572
-0.00233124    0.999248    0.038705   0.0109008
 0.00253162   -0.038699    0.999248  -0.0042562
          0           0           0           1
T_world_lidar: 
   0.999994  0.00242747  -0.0024395 -0.00682572
-0.00233124    0.999248    0.038705   0.0109008
 0.00253162   -0.038699    0.999248  -0.0042562
          0           0           0           1
v_world_imu: 0.000863595 -0.00496336  0.00151132
frame_39
id: 39
stamp: 1773563482.249042749
T_odom_lidar: 
   0.999994  0.00237523 -0.00242846 -0.00695268
-0.00227978    0.999253    0.038578   0.0107826
 0.00251828  -0.0385723    0.999253 -0.00417066
          0           0           0           1
T_world_lidar: 
   0.999994  0.00237523 -0.00242846 -0.00695268
-0.00227978    0.999253    0.038578   0.0107826
 0.00251828  -0.0385723    0.999253 -0.00417066
          0           0           0           1
v_world_imu: -0.00197509  0.00294185 -0.00033237
frame_40
id: 40
stamp: 1773563482.349125385
T_odom_lidar: 
   0.999995   0.0019569 -0.00238606 -0.00700356
-0.00186267    0.999242   0.0388739   0.0110025
 0.00246033  -0.0388693    0.999241 -0.00427427
          0           0           0           1
T_world_lidar: 
   0.999995   0.0019569 -0.00238606 -0.00700356
-0.00186267    0.999242   0.0388739   0.0110025
 0.00246033  -0.0388693    0.999241 -0.00427427
          0           0           0           1
v_world_imu: 0.000154518 -0.00151698 -0.00103116
frame_41
id: 41
stamp: 1773563482.449019909
T_odom_lidar: 
   0.999995   0.0023905 -0.00228509 -0.00710115
-0.00230068    0.999255   0.0385324   0.0106235
 0.00237549  -0.0385269    0.999255  -0.0043294
          0           0           0           1
T_world_lidar: 
   0.999995   0.0023905 -0.00228509 -0.00710115
-0.00230068    0.999255   0.0385324   0.0106235
 0.00237549  -0.0385269    0.999255  -0.0043294
          0           0           0           1
v_world_imu:  -0.00352306  9.08889e-05 -0.000621901
frame_42
id: 42
stamp: 1773563482.549022198
T_odom_lidar: 
   0.999995  0.00212585  -0.0024757 -0.00753292
-0.00202783    0.999239   0.0389461   0.0111079
 0.00255661  -0.0389409    0.999238 -0.00439339
          0           0           0           1
T_world_lidar: 
   0.999995  0.00212585  -0.0024757 -0.00753292
-0.00202783    0.999239   0.0389461   0.0111079
 0.00255661  -0.0389409    0.999238 -0.00439339
          0           0           0           1
v_world_imu:  -0.00178684   0.00327094 -0.000173726
frame_43
id: 43
stamp: 1773563482.649054527
T_odom_lidar: 
   0.999994  0.00254033 -0.00249935 -0.00738737
-0.00244222    0.999255   0.0385048   0.0109261
  0.0025953  -0.0384985    0.999255 -0.00435635
          0           0           0           1
T_world_lidar: 
   0.999994  0.00254033 -0.00249935 -0.00738737
-0.00244222    0.999255   0.0385048   0.0109261
  0.0025953  -0.0384985    0.999255 -0.00435635
          0           0           0           1
v_world_imu:   0.00260199 -0.000810079  0.000953602
frame_44
id: 44
stamp: 1773563482.749209642
T_odom_lidar: 
   0.999994  0.00239185  -0.0024515 -0.00720247
-0.00229537    0.999251   0.0386287   0.0114693
 0.00254206  -0.0386228    0.999251 -0.00423292
          0           0           0           1
T_world_lidar: 
   0.999994  0.00239185  -0.0024515 -0.00720247
-0.00229537    0.999251   0.0386287   0.0114693
 0.00254206  -0.0386228    0.999251 -0.00423292
          0           0           0           1
v_world_imu:  -0.00038266   0.00501216 -0.000346556
frame_45
id: 45
stamp: 1773563482.849111795
T_odom_lidar: 
   0.999994  0.00219015 -0.00262598  -0.0073364
-0.00208713    0.999252   0.0386098   0.0111722
 0.00270858  -0.0386041    0.999251 -0.00436574
          0           0           0           1
T_world_lidar: 
   0.999994  0.00219015 -0.00262598  -0.0073364
-0.00208713    0.999252   0.0386098   0.0111722
 0.00270858  -0.0386041    0.999251 -0.00436574
          0           0           0           1
v_world_imu: -0.000134298    -0.007298  0.000814986
frame_46
id: 46
stamp: 1773563482.949216843
T_odom_lidar: 
   0.999994  0.00231218 -0.00242946 -0.00726977
-0.00221694    0.999256   0.0384999   0.0108622
 0.00251667  -0.0384943    0.999256 -0.00407008
          0           0           0           1
T_world_lidar: 
   0.999994  0.00231218 -0.00242946 -0.00726977
-0.00221694    0.999256   0.0384999   0.0108622
 0.00251667  -0.0384943    0.999256 -0.00407008
          0           0           0           1
v_world_imu: 0.000807225  0.00319149  0.00205666
frame_47
id: 47
stamp: 1773563483.049331188
T_odom_lidar: 
   0.999995  0.00226389 -0.00223592 -0.00713025
-0.00217531    0.999242    0.038856   0.0111925
  0.0023222   -0.038851    0.999242 -0.00403253
          0           0           0           1
T_world_lidar: 
   0.999995  0.00226389 -0.00223592 -0.00713025
-0.00217531    0.999242    0.038856   0.0111925
  0.0023222   -0.038851    0.999242 -0.00403253
          0           0           0           1
v_world_imu:    0.0016856 -0.000623416  0.000452073
frame_48
id: 48
stamp: 1773563483.149195910
T_odom_lidar: 
   0.999994  0.00253726 -0.00223846 -0.00704612
 -0.0024495     0.99926   0.0383739   0.0110138
 0.00233417  -0.0383682    0.999261 -0.00396313
          0           0           0           1
T_world_lidar: 
   0.999994  0.00253726 -0.00223846 -0.00704612
 -0.0024495     0.99926   0.0383739   0.0110138
 0.00233417  -0.0383682    0.999261 -0.00396313
          0           0           0           1
v_world_imu: -0.000101837   0.00135671 -0.000894626
frame_49
id: 49
stamp: 1773563483.249262094
T_odom_lidar: 
   0.999995  0.00215455 -0.00239235 -0.00699841
-0.00206024    0.999247    0.038745   0.0113829
 0.00247403  -0.0387399    0.999246  -0.0041787
          0           0           0           1
T_world_lidar: 
   0.999995  0.00215455 -0.00239235 -0.00699841
-0.00206024    0.999247    0.038745   0.0113829
 0.00247403  -0.0387399    0.999246  -0.0041787
          0           0           0           1
v_world_imu:  0.00200414  0.00171166 -0.00199686
frame_50
id: 50
stamp: 1773563483.349421263
T_odom_lidar: 
   0.999994  0.00270512 -0.00217301 -0.00678288
-0.00261939    0.999254   0.0385306   0.0111434
 0.00227562  -0.0385246    0.999255 -0.00427194
          0           0           0           1
T_world_lidar: 
   0.999994  0.00270512 -0.00217301 -0.00678288
-0.00261939    0.999254   0.0385306   0.0111434
 0.00227562  -0.0385246    0.999255 -0.00427194
          0           0           0           1
v_world_imu: -7.72838e-05  -0.00335037 -0.000347127
frame_51
id: 51
stamp: 1773563483.449332476
T_odom_lidar: 
   0.999995  0.00214961 -0.00234994 -0.00689377
-0.00205721    0.999251    0.038642    0.011151
 0.00243124   -0.038637     0.99925 -0.00428065
          0           0           0           1
T_world_lidar: 
   0.999995  0.00214961 -0.00234994 -0.00689377
-0.00205721    0.999251    0.038642    0.011151
 0.00243124   -0.038637     0.99925 -0.00428065
          0           0           0           1
v_world_imu: 0.000132975  0.00052492 0.000184195
frame_52
id: 52
stamp: 1773563483.549278975
T_odom_lidar: 
   0.999995  0.00232819  -0.0023078 -0.00674341
-0.00223716    0.999249   0.0386903    0.010745
 0.00239615  -0.0386849    0.999249 -0.00429675
          0           0           0           1
T_world_lidar: 
   0.999995  0.00232819  -0.0023078 -0.00674341
-0.00223716    0.999249   0.0386903    0.010745
 0.00239615  -0.0386849    0.999249 -0.00429675
          0           0           0           1
v_world_imu: 0.000155447 -0.00604858 -0.00042929
frame_53
id: 53
stamp: 1773563483.649282694
T_odom_lidar: 
   0.999995  0.00221177 -0.00231975 -0.00697814
-0.00212096    0.999258   0.0384457   0.0106504
 0.00240306  -0.0384406    0.999258 -0.00429547
          0           0           0           1
T_world_lidar: 
   0.999995  0.00221177 -0.00231975 -0.00697814
-0.00212096    0.999258   0.0384457   0.0106504
 0.00240306  -0.0384406    0.999258 -0.00429547
          0           0           0           1
v_world_imu: -0.00282965  0.00483254 0.000203539
frame_54
id: 54
stamp: 1773563483.749290466
T_odom_lidar: 
   0.999995  0.00207472 -0.00244464  -0.0070421
-0.00197811    0.999242   0.0388786    0.010935
 0.00252345  -0.0388735    0.999241 -0.00425993
          0           0           0           1
T_world_lidar: 
   0.999995  0.00207472 -0.00244464  -0.0070421
-0.00197811    0.999242   0.0388786    0.010935
 0.00252345  -0.0388735    0.999241 -0.00425993
          0           0           0           1
v_world_imu:  0.00162824 -0.00229079 5.34438e-05
frame_55
id: 55
stamp: 1773563483.849251986
T_odom_lidar: 
   0.999994  0.00253275 -0.00228034 -0.00686907
-0.00244282    0.999251   0.0386082    0.010688
 0.00237642  -0.0386024    0.999252 -0.00435363
          0           0           0           1
T_world_lidar: 
   0.999994  0.00253275 -0.00228034 -0.00686907
-0.00244282    0.999251   0.0386082    0.010688
 0.00237642  -0.0386024    0.999252 -0.00435363
          0           0           0           1
v_world_imu: -7.53735e-05   0.00172426 -0.000824267
frame_56
id: 56
stamp: 1773563483.949447870
T_odom_lidar: 
   0.999995   0.0019961 -0.00251911 -0.00697308
-0.00189649     0.99924    0.038941   0.0110074
 0.00259492  -0.0389361    0.999238 -0.00438051
          0           0           0           1
T_world_lidar: 
   0.999995   0.0019961 -0.00251911 -0.00697308
-0.00189649     0.99924    0.038941   0.0110074
 0.00259492  -0.0389361    0.999238 -0.00438051
          0           0           0           1
v_world_imu: -0.00212214  0.00111931 0.000332365
frame_57
id: 57
stamp: 1773563484.049388170
T_odom_lidar: 
   0.999994  0.00246562  -0.0023096 -0.00722677
 -0.0023744    0.999248   0.0386987    0.010877
 0.00240328   -0.038693    0.999248  -0.0043481
          0           0           0           1
T_world_lidar: 
   0.999994  0.00246562  -0.0023096 -0.00722677
 -0.0023744    0.999248   0.0386987    0.010877
 0.00240328   -0.038693    0.999248  -0.0043481
          0           0           0           1
v_world_imu:   -0.0013048  -0.00156228 -0.000243494
frame_58
id: 58
stamp: 1773563484.149472713
T_odom_lidar: 
   0.999995  0.00233992 -0.00229675 -0.00715843
-0.00224931    0.999249   0.0386903   0.0109529
 0.00238556   -0.038685    0.999249 -0.00436917
          0           0           0           1
T_world_lidar: 
   0.999995  0.00233992 -0.00229675 -0.00715843
-0.00224931    0.999249   0.0386903   0.0109529
 0.00238556   -0.038685    0.999249 -0.00436917
          0           0           0           1
v_world_imu:  0.00247762  0.00135879 2.15488e-05
frame_59
id: 59
stamp: 1773563484.249356747
T_odom_lidar: 
   0.999993  0.00259837  -0.0025243 -0.00683393
-0.00249863    0.999246   0.0387421   0.0107525
 0.00262306  -0.0387355    0.999246 -0.00434037
          0           0           0           1
T_world_lidar: 
   0.999993  0.00259837  -0.0025243 -0.00683393
-0.00249863    0.999246   0.0387421   0.0107525
 0.00262306  -0.0387355    0.999246 -0.00434037
          0           0           0           1
v_world_imu:  0.00121022 -0.00385137  0.00131251
frame_60
id: 60
stamp: 1773563484.349456072
T_odom_lidar: 
   0.999995  0.00219314 -0.00246927 -0.00706522
-0.00209637    0.999255   0.0385351   0.0107896
 0.00255195  -0.0385297    0.999254 -0.00418037
          0           0           0           1
T_world_lidar: 
   0.999995  0.00219314 -0.00246927 -0.00706522
-0.00209637    0.999255   0.0385351   0.0107896
 0.00255195  -0.0385297    0.999254 -0.00418037
          0           0           0           1
v_world_imu: -0.00359182  0.00506025 0.000934306
frame_61
id: 61
stamp: 1773563484.449489594
T_odom_lidar: 
   0.999994  0.00249299 -0.00241919 -0.00729821
-0.00239711    0.999242   0.0388582   0.0111261
 0.00251423  -0.0388522    0.999242 -0.00416222
          0           0           0           1
T_world_lidar: 
   0.999994  0.00249299 -0.00241919 -0.00729821
-0.00239711    0.999242   0.0388582   0.0111261
 0.00251423  -0.0388522    0.999242 -0.00416222
          0           0           0           1
v_world_imu: -0.000772211 -0.000709434 -0.000602826
frame_62
id: 62
stamp: 1773563484.549573183
T_odom_lidar: 
   0.999994  0.00273174 -0.00234054 -0.00729239
-0.00263978    0.999258   0.0384337   0.0111338
 0.00244379  -0.0384273    0.999258 -0.00428068
          0           0           0           1
T_world_lidar: 
   0.999994  0.00273174 -0.00234054 -0.00729239
-0.00263978    0.999258   0.0384337   0.0111338
 0.00244379  -0.0384273    0.999258 -0.00428068
          0           0           0           1
v_world_imu: -0.000223647   0.00276092 -0.000675883
frame_63
id: 63
stamp: 1773563484.649468422
T_odom_lidar: 
   0.999994  0.00223806 -0.00247483  -0.0072818
-0.00214027    0.999243   0.0388328   0.0112445
 0.00255987  -0.0388273    0.999243 -0.00423437
          0           0           0           1
T_world_lidar: 
   0.999994  0.00223806 -0.00247483  -0.0072818
-0.00214027    0.999243   0.0388328   0.0112445
 0.00255987  -0.0388273    0.999243 -0.00423437
          0           0           0           1
v_world_imu: 0.000563222 -0.00291392 0.000186563
frame_64
id: 64
stamp: 1773563484.749563456
T_odom_lidar: 
   0.999994  0.00271339 -0.00226674 -0.00718599
-0.00262414    0.999255   0.0384916    0.010807
  0.0023695  -0.0384854    0.999256 -0.00421149
          0           0           0           1
T_world_lidar: 
   0.999994  0.00271339 -0.00226674 -0.00718599
-0.00262414    0.999255   0.0384916    0.010807
  0.0023695  -0.0384854    0.999256 -0.00421149
          0           0           0           1
v_world_imu:  0.000366139  -0.00154026 -4.82279e-05
frame_65
id: 65
stamp: 1773563484.849442244
T_odom_lidar: 
   0.999995  0.00204067 -0.00238746 -0.00710263
-0.00194634    0.999242   0.0388675   0.0109361
 0.00246497  -0.0388627    0.999242 -0.00423524
          0           0           0           1
T_world_lidar: 
   0.999995  0.00204067 -0.00238746 -0.00710263
-0.00194634    0.999242   0.0388675   0.0109361
 0.00246497  -0.0388627    0.999242 -0.00423524
          0           0           0           1
v_world_imu:  0.00161124 0.000273455 -0.00118874
frame_66
id: 66
stamp: 1773563484.949361563
T_odom_lidar: 
   0.999994  0.00243095 -0.00242215 -0.00689725
-0.00233573    0.999253   0.0385694    0.010567
  0.0025141  -0.0385635    0.999253 -0.00434746
          0           0           0           1
T_world_lidar: 
   0.999994  0.00243095 -0.00242215 -0.00689725
-0.00233573    0.999253   0.0385694    0.010567
  0.0025141  -0.0385635    0.999253 -0.00434746
          0           0           0           1
v_world_imu:  0.00235432 -0.00378371 0.000510255
frame_67
id: 67
stamp: 1773563485.049434423
T_odom_lidar: 
   0.999994  0.00220601 -0.00252984 -0.00663017
-0.00210637    0.999247   0.0387343   0.0107186
 0.00261338  -0.0387288    0.999246 -0.00409926
          0           0           0           1
T_world_lidar: 
   0.999994  0.00220601 -0.00252984 -0.00663017
-0.00210637    0.999247   0.0387343   0.0107186
 0.00261338  -0.0387288    0.999246 -0.00409926
          0           0           0           1
v_world_imu: 0.00242258 0.00409701 0.00131401
frame_68
id: 68
stamp: 1773563485.149289846
T_odom_lidar: 
   0.999994   0.0024231 -0.00256042 -0.00649907
-0.00232227    0.999249   0.0386761   0.0107416
 0.00265221  -0.0386699    0.999249 -0.00418671
          0           0           0           1
T_world_lidar: 
   0.999994   0.0024231 -0.00256042 -0.00649907
-0.00232227    0.999249   0.0386761   0.0107416
 0.00265221  -0.0386699    0.999249 -0.00418671
          0           0           0           1
v_world_imu: -0.00185459 -0.00379168 -0.00134393
frame_69
id: 69
stamp: 1773563485.249512196
T_odom_lidar: 
   0.999994  0.00252625 -0.00240672 -0.00696202
-0.00243164    0.999254   0.0385344   0.0106514
 0.00250227  -0.0385283    0.999254 -0.00422837
          0           0           0           1
T_world_lidar: 
   0.999994  0.00252625 -0.00240672 -0.00696202
-0.00243164    0.999254   0.0385344   0.0106514
 0.00250227  -0.0385283    0.999254 -0.00422837
          0           0           0           1
v_world_imu:   -0.0033429   0.00345628 -6.86618e-05
frame_70
id: 70
stamp: 1773563485.349510193
T_odom_lidar: 
   0.999994  0.00239276  -0.0024332 -0.00692863
-0.00229637    0.999241   0.0388742   0.0108666
 0.00252437  -0.0388684    0.999241 -0.00418254
          0           0           0           1
T_world_lidar: 
   0.999994  0.00239276  -0.0024332 -0.00692863
-0.00229637    0.999241   0.0388742   0.0108666
 0.00252437  -0.0388684    0.999241 -0.00418254
          0           0           0           1
v_world_imu:   0.00168717 -0.000982246 -0.000482371
frame_71
id: 71
stamp: 1773563485.449563265
T_odom_lidar: 
   0.999994  0.00260994 -0.00219533 -0.00686635
 -0.0025237    0.999259   0.0384081   0.0108092
 0.00229395  -0.0384023     0.99926 -0.00434138
          0           0           0           1
T_world_lidar: 
   0.999994  0.00260994 -0.00219533 -0.00686635
 -0.0025237    0.999259   0.0384081   0.0108092
 0.00229395  -0.0384023     0.99926 -0.00434138
          0           0           0           1
v_world_imu: -0.000920283    0.0024821 -0.000921826
frame_72
id: 72
stamp: 1773563485.549489498
T_odom_lidar: 
   0.999994   0.0022988 -0.00254576 -0.00699591
-0.00219785    0.999238    0.038969   0.0111714
 0.00263341  -0.0389632    0.999237 -0.00428547
          0           0           0           1
T_world_lidar: 
   0.999994   0.0022988 -0.00254576 -0.00699591
-0.00219785    0.999238    0.038969   0.0111714
 0.00263341  -0.0389632    0.999237 -0.00428547
          0           0           0           1
v_world_imu: -0.000387243   0.00129462   0.00103958
frame_73
id: 73
stamp: 1773563485.649356365
T_odom_lidar: 
   0.999993  0.00262717 -0.00253418 -0.00694954
-0.00252722    0.999249    0.038668   0.0109798
 0.00263386  -0.0386613    0.999249 -0.00425831
          0           0           0           1
T_world_lidar: 
   0.999993  0.00262717 -0.00253418 -0.00694954
-0.00252722    0.999249    0.038668   0.0109798
 0.00263386  -0.0386613    0.999249 -0.00425831
          0           0           0           1
v_world_imu:  -0.00076071  -0.00286488 -0.000749971
frame_74
id: 74
stamp: 1773563485.749303102
T_odom_lidar: 
   0.999994  0.00219788 -0.00249792 -0.00717748
-0.00209956    0.999249   0.0387037   0.0109998
 0.00258111  -0.0386983    0.999248 -0.00439754
          0           0           0           1
T_world_lidar: 
   0.999994  0.00219788 -0.00249792 -0.00717748
-0.00209956    0.999249   0.0387037   0.0109998
 0.00258111  -0.0386983    0.999248 -0.00439754
          0           0           0           1
v_world_imu: -0.00363405  0.00223704  -0.0015017
frame_75
id: 75
stamp: 1773563485.849333048
T_odom_lidar: 
   0.999994  0.00250269 -0.00254068 -0.00747097
-0.00240278    0.999252   0.0385953   0.0110775
 0.00263537   -0.038589    0.999252 -0.00446202
          0           0           0           1
T_world_lidar: 
   0.999994  0.00250269 -0.00254068 -0.00747097
-0.00240278    0.999252   0.0385953   0.0110775
 0.00263537   -0.038589    0.999252 -0.00446202
          0           0           0           1
v_world_imu: -0.000963055  0.000719507   0.00092541
frame_76
id: 76
stamp: 1773563485.949502945
T_odom_lidar: 
   0.999994  0.00245542 -0.00235254 -0.00740719
-0.00236256    0.999248   0.0386954   0.0115915
 0.00244579  -0.0386896    0.999248  -0.0042731
          0           0           0           1
T_world_lidar: 
   0.999994  0.00245542 -0.00235254 -0.00740719
-0.00236256    0.999248   0.0386954   0.0115915
 0.00244579  -0.0386896    0.999248  -0.0042731
