id: 2
T_world_origin: 
  0.708568  -0.696251  -0.114745    10.4974
  0.702185   0.711789  0.0170984   -2.86944
 0.0697697 -0.0926878   0.993248   0.553466
         0          0          0          1
T_origin_endpoint_L: 
  0.665454  -0.745283  0.0415121   -11.7227
  0.746353   0.663509 -0.0520882   -5.83632
 0.0112768   0.065645   0.997779   0.156813
         0          0          0          1
T_origin_endpoint_R: 
 -0.718318  -0.695307  0.0238184   -5.03517
  0.693729  -0.718433 -0.0509323    3.88968
 0.0525255 -0.0200621   0.998418   0.376014
         0          0          0          1
T_lidar_imu: 
     1      0      0  0.006
     0      1      0 -0.012
     0      0      1  0.008
     0      0      0      1
imu_bias:    0.0541622 -0.000782391   -0.0946558 -0.000100946  -0.00614836  -0.00592414
frame_id: 2
num_frames: 1508
frame_0
id: 3073
stamp: 1773062318.771512985
T_odom_lidar: 
-0.0483035  -0.997639 -0.0488224    6.22265
  0.998781 -0.0487387 0.00776311   -15.2744
-0.0101243 -0.0483879   0.998777   0.400448
         0          0          0          1
T_world_lidar: 
-0.0483035  -0.997639 -0.0488224    6.22265
  0.998781 -0.0487387 0.00776311   -15.2744
-0.0101243 -0.0483879   0.998777   0.400448
         0          0          0          1
v_world_imu: -0.0200515   0.527753  -0.174163
frame_1
id: 3074
stamp: 1773062318.871070147
T_odom_lidar: 
  -0.06177  -0.996893 -0.0488755    6.21019
  0.997809 -0.0628408  0.0206825   -15.2318
-0.0236896 -0.0474909   0.998591   0.400156
         0          0          0          1
T_world_lidar: 
  -0.06177  -0.996893 -0.0488755    6.21019
  0.997809 -0.0628408  0.0206825   -15.2318
-0.0236896 -0.0474909   0.998591   0.400156
         0          0          0          1
v_world_imu: -0.0954918   0.427967  0.0452374
frame_2
id: 3075
stamp: 1773062318.970833540
T_odom_lidar: 
-0.0721385  -0.996167 -0.0494712    6.20389
  0.996618 -0.0739506  0.0358305   -15.1871
-0.0393515 -0.0467191   0.998133   0.401157
         0          0          0          1
T_world_lidar: 
-0.0721385  -0.996167 -0.0494712    6.20389
  0.996618 -0.0739506  0.0358305   -15.1871
-0.0393515 -0.0467191   0.998133   0.401157
         0          0          0          1
v_world_imu: -0.0648696   0.453054 -0.0495902
frame_3
id: 3076
stamp: 1773062319.070936918
T_odom_lidar: 
-0.0716633  -0.996651 -0.0393846     6.1964
  0.995781 -0.0737582   0.054596   -15.1442
-0.0573181 -0.0353059   0.997731   0.400509
         0          0          0          1
T_world_lidar: 
-0.0716633  -0.996651 -0.0393846     6.1964
  0.995781 -0.0737582   0.054596   -15.1442
-0.0573181 -0.0353059   0.997731   0.400509
         0          0          0          1
v_world_imu:  -0.0213597    0.389754 -0.00286539
frame_4
id: 3077
stamp: 1773062319.170955420
T_odom_lidar: 
-0.0561656  -0.997096 -0.0514348    6.19248
  0.997599 -0.0581354  0.0376361   -15.0994
-0.0405169 -0.0491974   0.997967   0.403493
         0          0          0          1
T_world_lidar: 
-0.0561656  -0.997096 -0.0514348    6.19248
  0.997599 -0.0581354  0.0376361   -15.0994
-0.0405169 -0.0491974   0.997967   0.403493
         0          0          0          1
v_world_imu:  -0.0778876     0.41777 -0.00430273
frame_5
id: 3078
stamp: 1773062319.270995617
T_odom_lidar: 
-0.0434813  -0.997245 -0.0601022     6.1821
  0.998087 -0.0460068  0.0412956   -15.0613
-0.0439469 -0.0581917   0.997338   0.397086
         0          0          0          1
T_world_lidar: 
-0.0434813  -0.997245 -0.0601022     6.1821
  0.998087 -0.0460068  0.0412956   -15.0613
-0.0439469 -0.0581917   0.997338   0.397086
         0          0          0          1
v_world_imu: -0.128369  0.343021 -0.103678
frame_6
id: 3079
stamp: 1773062319.370326996
T_odom_lidar: 
-0.0702492  -0.995404 -0.0650857    6.17086
  0.996525 -0.0729556  0.0401806   -15.0243
-0.0447443 -0.0620369    0.99707   0.407467
         0          0          0          1
T_world_lidar: 
-0.0702492  -0.995404 -0.0650857    6.17086
  0.996525 -0.0729556  0.0401806   -15.0243
-0.0447443 -0.0620369    0.99707   0.407467
         0          0          0          1
v_world_imu: -0.00828238    0.451896    0.143153
frame_7
id: 3080
stamp: 1773062319.470110178
T_odom_lidar: 
-0.0829098   -0.99541 -0.0478078     6.1735
  0.995495 -0.0849403  0.0421274   -14.9774
-0.0459948 -0.0440996   0.997968   0.414487
         0          0          0          1
T_world_lidar: 
-0.0829098   -0.99541 -0.0478078     6.1735
  0.995495 -0.0849403  0.0421274   -14.9774
-0.0459948 -0.0440996   0.997968   0.414487
         0          0          0          1
v_world_imu:   0.037398   0.459934 0.00681141
frame_8
id: 3081
stamp: 1773062319.570290565
T_odom_lidar: 
 -0.082872  -0.995803  -0.038851    6.17614
  0.995121 -0.0847836  0.0504494   -14.9333
-0.0535316 -0.0344806   0.997971   0.417673
         0          0          0          1
T_world_lidar: 
 -0.082872  -0.995803  -0.038851    6.17614
  0.995121 -0.0847836  0.0504494   -14.9333
-0.0535316 -0.0344806   0.997971   0.417673
         0          0          0          1
v_world_imu: 0.103319 0.396375 0.138031
frame_9
id: 3082
stamp: 1773062319.670574427
T_odom_lidar: 
-0.0653929  -0.997111 -0.0386514    6.17198
  0.996851 -0.0670188   0.042382   -14.8889
-0.0448499 -0.0357582   0.998354   0.419397
         0          0          0          1
T_world_lidar: 
-0.0653929  -0.997111 -0.0386514    6.17198
  0.996851 -0.0670188   0.042382   -14.8889
-0.0448499 -0.0357582   0.998354   0.419397
         0          0          0          1
v_world_imu: -0.0771636   0.459378 -0.0565225
frame_10
id: 3083
stamp: 1773062319.770807743
T_odom_lidar: 
-0.0522538  -0.997137 -0.0546504    6.16512
  0.997864 -0.0542833  0.0363348   -14.8435
-0.0391974 -0.0526351   0.997844   0.411023
         0          0          0          1
T_world_lidar: 
-0.0522538  -0.997137 -0.0546504    6.16512
  0.997864 -0.0542833  0.0363348   -14.8435
-0.0391974 -0.0526351   0.997844   0.411023
         0          0          0          1
v_world_imu: -0.0250919   0.451777 -0.0897992
frame_11
id: 3084
stamp: 1773062319.870402813
T_odom_lidar: 
-0.0648299  -0.995901 -0.0630721    6.15988
  0.996959 -0.0673783   0.039152   -14.7992
-0.0432413 -0.0603421   0.997241    0.40881
         0          0          0          1
T_world_lidar: 
-0.0648299  -0.995901 -0.0630721    6.15988
  0.996959 -0.0673783   0.039152   -14.7992
-0.0432413 -0.0603421   0.997241    0.40881
         0          0          0          1
v_world_imu:  -0.177245   0.440544 -0.0507266
frame_12
id: 3085
stamp: 1773062319.970266104
T_odom_lidar: 
-0.0826875  -0.995636 -0.0432736    6.15108
  0.995677 -0.0843785  0.0388286   -14.7521
-0.0423105 -0.0398759   0.998308   0.402441
         0          0          0          1
T_world_lidar: 
-0.0826875  -0.995636 -0.0432736    6.15108
  0.995677 -0.0843785  0.0388286   -14.7521
-0.0423105 -0.0398759   0.998308   0.402441
         0          0          0          1
v_world_imu: -0.0716642   0.493946 -0.0839013
frame_13
id: 3086
stamp: 1773062320.070478916
T_odom_lidar: 
-0.0896222  -0.995535 -0.0296323    6.14184
  0.995146 -0.0907221  0.0381299   -14.7006
-0.0406479 -0.0260711   0.998833   0.396278
         0          0          0          1
T_world_lidar: 
-0.0896222  -0.995535 -0.0296323    6.14184
  0.995146 -0.0907221  0.0381299   -14.7006
-0.0406479 -0.0260711   0.998833   0.396278
         0          0          0          1
v_world_imu: -0.0715431   0.493766  0.0547589
frame_14
id: 3087
stamp: 1773062320.170752764
T_odom_lidar: 
-0.0735341  -0.996068 -0.0494002    6.13568
  0.996765 -0.0750156  0.0288354   -14.6559
-0.0324278 -0.0471201   0.998363   0.398654
         0          0          0          1
T_world_lidar: 
-0.0735341  -0.996068 -0.0494002    6.13568
  0.996765 -0.0750156  0.0288354   -14.6559
-0.0324278 -0.0471201   0.998363   0.398654
         0          0          0          1
v_world_imu: -0.0867498   0.432636 -0.0127845
frame_15
id: 3088
stamp: 1773062320.270797491
T_odom_lidar: 
-0.0636171  -0.995892 -0.0644418    6.12725
  0.997398 -0.0656428   0.029818   -14.6143
-0.0339257 -0.0623771   0.997476   0.395577
         0          0          0          1
T_world_lidar: 
-0.0636171  -0.995892 -0.0644418    6.12725
  0.997398 -0.0656428   0.029818   -14.6143
-0.0339257 -0.0623771   0.997476   0.395577
         0          0          0          1
v_world_imu: -0.0839637   0.390145 -0.0331048
frame_16
id: 3089
stamp: 1773062320.370460987
T_odom_lidar: 
-0.0746951  -0.995047 -0.0655931    6.11666
  0.996405 -0.0771096  0.0350801   -14.5773
-0.0399642  -0.062737    0.99723   0.395796
         0          0          0          1
T_world_lidar: 
-0.0746951  -0.995047 -0.0655931    6.11666
  0.996405 -0.0771096  0.0350801   -14.5773
-0.0399642  -0.062737    0.99723   0.395796
         0          0          0          1
v_world_imu: -0.141165  0.316865 0.0592112
frame_17
id: 3090
stamp: 1773062320.470208406
T_odom_lidar: 
-0.0968994  -0.993837 -0.0538385    6.10912
  0.994881 -0.0982763  0.0235391   -14.5351
-0.0286851  -0.051282   0.998272     0.4058
         0          0          0          1
T_world_lidar: 
-0.0968994  -0.993837 -0.0538385    6.10912
  0.994881 -0.0982763  0.0235391   -14.5351
-0.0286851  -0.051282   0.998272     0.4058
         0          0          0          1
v_world_imu: -0.0332072   0.455696   0.101843
frame_18
id: 3091
stamp: 1773062320.570343018
T_odom_lidar: 
 -0.111897  -0.992704 -0.0449229     6.1081
  0.992841  -0.113584  0.0369481   -14.4876
 -0.041781 -0.0404669   0.998307   0.413074
         0          0          0          1
T_world_lidar: 
 -0.111897  -0.992704 -0.0449229     6.1081
  0.992841  -0.113584  0.0369481   -14.4876
 -0.041781 -0.0404669   0.998307   0.413074
         0          0          0          1
v_world_imu: 0.00703514   0.497001  0.0472802
frame_19
id: 3092
stamp: 1773062320.670673132
T_odom_lidar: 
-0.0992443  -0.994785   -0.02351    6.11142
  0.994492 -0.0999603  0.0315352   -14.4414
-0.0337208 -0.0202508   0.999226   0.417758
         0          0          0          1
T_world_lidar: 
-0.0992443  -0.994785   -0.02351    6.11142
  0.994492 -0.0999603  0.0315352   -14.4414
-0.0337208 -0.0202508   0.999226   0.417758
         0          0          0          1
v_world_imu:  -0.0524821    0.429843 -0.00419308
frame_20
id: 3093
stamp: 1773062320.771042347
T_odom_lidar: 
-0.0922625   -0.99519  -0.032935    6.10301
  0.995367 -0.0930768    0.02411   -14.3967
-0.0270595  -0.030558   0.999167   0.409106
         0          0          0          1
T_world_lidar: 
-0.0922625   -0.99519  -0.032935    6.10301
  0.995367 -0.0930768    0.02411   -14.3967
-0.0270595  -0.030558   0.999167   0.409106
         0          0          0          1
v_world_imu: -0.0774629   0.454166  -0.126973
frame_21
id: 3094
stamp: 1773062320.871069670
T_odom_lidar: 
-0.0941112  -0.995047 -0.0319991    6.09453
  0.995131 -0.0949674  0.0263784   -14.3517
-0.0292866 -0.0293608    0.99914   0.400075
         0          0          0          1
T_world_lidar: 
-0.0941112  -0.995047 -0.0319991    6.09453
  0.995131 -0.0949674  0.0263784   -14.3517
-0.0292866 -0.0293608    0.99914   0.400075
         0          0          0          1
v_world_imu: -0.166789   0.46036 0.0608114
frame_22
id: 3095
stamp: 1773062320.970860481
T_odom_lidar: 
 -0.118576  -0.992248 -0.0372088    6.08312
   0.99261  -0.119426  0.0215204   -14.3097
-0.0257973  -0.034382   0.999076   0.402637
         0          0          0          1
T_world_lidar: 
 -0.118576  -0.992248 -0.0372088    6.08312
   0.99261  -0.119426  0.0215204   -14.3097
-0.0257973  -0.034382   0.999076   0.402637
         0          0          0          1
v_world_imu: -0.0708139   0.421488 -0.0117374
frame_23
id: 3096
stamp: 1773062321.071078777
T_odom_lidar: 
 -0.125184  -0.991743 -0.0278437    6.07738
  0.991648  -0.125951  0.0277586   -14.2665
-0.0310363 -0.0241362   0.999227   0.399448
         0          0          0          1
T_world_lidar: 
 -0.125184  -0.991743 -0.0278437    6.07738
  0.991648  -0.125951  0.0277586   -14.2665
-0.0310363 -0.0241362   0.999227   0.399448
         0          0          0          1
v_world_imu: -0.0444782   0.439953 -0.0553668
frame_24
id: 3097
stamp: 1773062321.171674490
T_odom_lidar: 
 -0.102104  -0.994394 -0.0274847    6.07258
  0.993878  -0.103145   0.039588   -14.2221
-0.0422009 -0.0232743   0.998838   0.400116
         0          0          0          1
T_world_lidar: 
 -0.102104  -0.994394 -0.0274847    6.07258
  0.993878  -0.103145   0.039588   -14.2221
-0.0422009 -0.0232743   0.998838   0.400116
         0          0          0          1
v_world_imu: -0.162555  0.436969 0.0364282
frame_25
id: 3098
stamp: 1773062321.271814823
T_odom_lidar: 
-0.0886477  -0.994817 -0.0498057      6.057
  0.995763 -0.0897377   0.020087   -14.1786
-0.0244524  -0.047814   0.998557   0.400658
         0          0          0          1
T_world_lidar: 
-0.0886477  -0.994817 -0.0498057      6.057
  0.995763 -0.0897377   0.020087   -14.1786
-0.0244524  -0.047814   0.998557   0.400658
         0          0          0          1
v_world_imu:  -0.180141   0.400381 -0.0455992
frame_26
id: 3099
stamp: 1773062321.371655941
T_odom_lidar: 
-0.0844573  -0.995176 -0.0499158    6.03999
  0.996088 -0.0856299  0.0218369   -14.1419
-0.0260058 -0.0478762   0.998515   0.393037
         0          0          0          1
T_world_lidar: 
-0.0844573  -0.995176 -0.0499158    6.03999
  0.996088 -0.0856299  0.0218369   -14.1419
-0.0260058 -0.0478762   0.998515   0.393037
         0          0          0          1
v_world_imu:  -0.181613    0.40151 -0.0605746
frame_27
id: 3100
stamp: 1773062321.471267939
T_odom_lidar: 
 -0.100213   -0.99319 -0.0594246    6.02752
  0.994538  -0.101743  0.0232881   -14.0996
-0.0291756 -0.0567662   0.997961   0.392991
         0          0          0          1
T_world_lidar: 
 -0.100213   -0.99319 -0.0594246    6.02752
  0.994538  -0.101743  0.0232881   -14.0996
-0.0291756 -0.0567662   0.997961   0.392991
         0          0          0          1
v_world_imu: -0.0539661   0.449997 -0.0319605
frame_28
id: 3101
stamp: 1773062321.570769548
T_odom_lidar: 
  -0.11287  -0.992164 -0.0535889    6.02274
  0.993057  -0.114442  0.0272259   -14.0547
-0.0331454 -0.0501438   0.998192   0.386879
         0          0          0          1
T_world_lidar: 
  -0.11287  -0.992164 -0.0535889    6.02274
  0.993057  -0.114442  0.0272259   -14.0547
-0.0331454 -0.0501438   0.998192   0.386879
         0          0          0          1
v_world_imu: -0.0817286    0.44916  -0.089825
frame_29
id: 3102
stamp: 1773062321.670863628
T_odom_lidar: 
 -0.105136  -0.993912 -0.0329478    6.01269
  0.993631  -0.106341  0.0372621   -14.0103
 -0.040539 -0.0288204   0.998762   0.381182
         0          0          0          1
T_world_lidar: 
 -0.105136  -0.993912 -0.0329478    6.01269
  0.993631  -0.106341  0.0372621   -14.0103
 -0.040539 -0.0288204   0.998762   0.381182
         0          0          0          1
v_world_imu: -0.0312663   0.454552  0.0669363
frame_30
id: 3103
stamp: 1773062321.770854712
T_odom_lidar: 
-0.0906685  -0.994918 -0.0437879    6.01119
  0.995338  -0.091983  0.0289973   -13.9626
-0.0328777 -0.0409546    0.99862   0.385741
         0          0          0          1
T_world_lidar: 
-0.0906685  -0.994918 -0.0437879    6.01119
  0.995338  -0.091983  0.0289973   -13.9626
-0.0328777 -0.0409546    0.99862   0.385741
         0          0          0          1
v_world_imu: -0.0449533   0.492967 -0.0020394
frame_31
id: 3104
stamp: 1773062321.870779276
T_odom_lidar: 
-0.0824735  -0.995335 -0.0500555    6.00743
  0.995604 -0.0845248  0.0403449   -13.9131
-0.0443877 -0.0465081   0.997931   0.383988
         0          0          0          1
T_world_lidar: 
-0.0824735  -0.995335 -0.0500555    6.00743
  0.995604 -0.0845248  0.0403449   -13.9131
-0.0443877 -0.0465081   0.997931   0.383988
         0          0          0          1
v_world_imu: -0.0162886   0.512958 -0.0467865
frame_32
id: 3105
stamp: 1773062321.970138073
T_odom_lidar: 
 -0.105252  -0.992939 -0.0547146    5.99826
   0.99349  -0.107403  0.0379876   -13.8686
 -0.043596 -0.0503601   0.997779   0.391508
         0          0          0          1
T_world_lidar: 
 -0.105252  -0.992939 -0.0547146    5.99826
   0.99349  -0.107403  0.0379876   -13.8686
 -0.043596 -0.0503601   0.997779   0.391508
         0          0          0          1
v_world_imu: -0.0855273   0.428183   0.101855
frame_33
id: 3106
stamp: 1773062322.069923162
T_odom_lidar: 
 -0.120525  -0.992082 -0.0353208     5.9932
  0.992014  -0.121697  0.0331402    -13.822
-0.0371762 -0.0310445   0.998826    0.39344
         0          0          0          1
T_world_lidar: 
 -0.120525  -0.992082 -0.0353208     5.9932
  0.992014  -0.121697  0.0331402    -13.822
-0.0371762 -0.0310445   0.998826    0.39344
         0          0          0          1
v_world_imu: -0.0425021   0.480592 -0.0390543
frame_34
id: 3107
stamp: 1773062322.170135021
T_odom_lidar: 
 -0.120012   -0.99263 -0.0168248    5.98595
   0.99163  -0.120669  0.0459291   -13.7734
-0.0476208  -0.011172   0.998803   0.385468
         0          0          0          1
T_world_lidar: 
 -0.120012   -0.99263 -0.0168248    5.98595
   0.99163  -0.120669  0.0459291   -13.7734
-0.0476208  -0.011172   0.998803   0.385468
         0          0          0          1
v_world_imu:  0.0244751   0.426139 -0.0335984
frame_35
id: 3108
stamp: 1773062322.270169497
T_odom_lidar: 
 -0.101323  -0.994312 -0.0328173    5.98395
  0.994174  -0.102418  0.0335962   -13.7315
-0.0367662 -0.0292221   0.998897   0.385956
         0          0          0          1
T_world_lidar: 
 -0.101323  -0.994312 -0.0328173    5.98395
  0.994174  -0.102418  0.0335962   -13.7315
-0.0367662 -0.0292221   0.998897   0.385956
         0          0          0          1
v_world_imu: -0.0650408   0.432827 -0.0180709
frame_36
id: 3109
stamp: 1773062322.370341778
T_odom_lidar: 
-0.0878973  -0.995355 -0.0392829    5.97813
  0.995539 -0.0891342  0.0309283   -13.6872
-0.0342861 -0.0363891   0.998749    0.38133
         0          0          0          1
T_world_lidar: 
-0.0878973  -0.995355 -0.0392829    5.97813
  0.995539 -0.0891342  0.0309283   -13.6872
-0.0342861 -0.0363891   0.998749    0.38133
         0          0          0          1
v_world_imu: -0.0399865   0.427399 -0.0309205
frame_37
id: 3110
stamp: 1773062322.470318556
T_odom_lidar: 
 -0.101763  -0.993182 -0.0568714    5.96944
  0.993933  -0.103905  0.0360572   -13.6446
-0.0417206  -0.052857    0.99773   0.385258
         0          0          0          1
T_world_lidar: 
 -0.101763  -0.993182 -0.0568714    5.96944
  0.993933  -0.103905  0.0360572   -13.6446
-0.0417206  -0.052857    0.99773   0.385258
         0          0          0          1
v_world_imu: -0.156434  0.417312 0.0482594
frame_38
id: 3111
stamp: 1773062322.570250273
T_odom_lidar: 
 -0.115768  -0.992385 -0.0420582    5.96171
  0.992435  -0.117308  0.0362046   -13.5979
-0.0408627 -0.0375487   0.998459   0.382701
         0          0          0          1
T_world_lidar: 
 -0.115768  -0.992385 -0.0420582    5.96171
  0.992435  -0.117308  0.0362046   -13.5979
-0.0408627 -0.0375487   0.998459   0.382701
         0          0          0          1
v_world_imu: -0.0501727   0.483726 -0.0669533
frame_39
id: 3112
stamp: 1773062322.670390606
T_odom_lidar: 
 -0.122799  -0.992024 -0.0284212    5.95802
  0.991373  -0.123941  0.0426503   -13.5478
-0.0458326 -0.0229386   0.998686   0.372616
         0          0          0          1
T_world_lidar: 
 -0.122799  -0.992024 -0.0284212    5.95802
  0.991373  -0.123941  0.0426503   -13.5478
-0.0458326 -0.0229386   0.998686   0.372616
         0          0          0          1
v_world_imu: -0.0800454    0.48394 -0.0661232
frame_40
id: 3113
stamp: 1773062322.770854712
T_odom_lidar: 
-0.0971167  -0.994564 -0.0375636    5.95232
  0.994385  -0.098555  0.0385452   -13.5022
-0.0420378 -0.0336093   0.998551    0.37809
         0          0          0          1
T_world_lidar: 
-0.0971167  -0.994564 -0.0375636    5.95232
  0.994385  -0.098555  0.0385452   -13.5022
-0.0420378 -0.0336093   0.998551    0.37809
         0          0          0          1
v_world_imu: -0.116765  0.472869 0.0406354
frame_41
id: 3114
stamp: 1773062322.870797634
T_odom_lidar: 
-0.0829256  -0.994841 -0.0584422    5.94115
  0.995697  -0.085145  0.0365638   -13.4552
-0.0413512 -0.0551587   0.997621   0.376222
         0          0          0          1
T_world_lidar: 
-0.0829256  -0.994841 -0.0584422    5.94115
  0.995697  -0.085145  0.0365638   -13.4552
-0.0413512 -0.0551587   0.997621   0.376222
         0          0          0          1
v_world_imu: -0.0962605   0.453797 -0.0566022
frame_42
id: 3115
stamp: 1773062322.970544815
T_odom_lidar: 
-0.0954347  -0.992829  -0.071987    5.93291
  0.994613 -0.0980462  0.0336533   -13.4103
  -0.04047 -0.0683875   0.996838   0.378798
         0          0          0          1
T_world_lidar: 
-0.0954347  -0.992829  -0.071987    5.93291
  0.994613 -0.0980462  0.0336533   -13.4103
  -0.04047 -0.0683875   0.996838   0.378798
         0          0          0          1
v_world_imu: -0.0921025   0.472127   0.101849
frame_43
id: 3116
stamp: 1773062323.070235729
T_odom_lidar: 
 -0.115486  -0.991833 -0.0541272    5.92343
  0.992309  -0.117643   0.038514   -13.3644
-0.0445672 -0.0492631   0.997791   0.380563
         0          0          0          1
T_world_lidar: 
 -0.115486  -0.991833 -0.0541272    5.92343
  0.992309  -0.117643   0.038514   -13.3644
-0.0445672 -0.0492631   0.997791   0.380563
         0          0          0          1
v_world_imu: -0.0647893    0.47676 -0.0197671
frame_44
id: 3117
stamp: 1773062323.170337439
T_odom_lidar: 
 -0.119177  -0.991923 -0.0434172    5.91623
  0.991621  -0.121109  0.0449595   -13.3159
-0.0498546 -0.0376952   0.998045   0.381762
         0          0          0          1
T_world_lidar: 
 -0.119177  -0.991923 -0.0434172    5.91623
  0.991621  -0.121109  0.0449595   -13.3159
-0.0498546 -0.0376952   0.998045   0.381762
         0          0          0          1
v_world_imu: 0.00770663   0.490065    0.16031
frame_45
id: 3118
stamp: 1773062323.270518064
T_odom_lidar: 
 -0.100875  -0.994079 -0.0403863    5.91282
  0.993629  -0.102713  0.0463768    -13.269
-0.0502504 -0.0354508   0.998107   0.392577
         0          0          0          1
T_world_lidar: 
 -0.100875  -0.994079 -0.0403863    5.91282
  0.993629  -0.102713  0.0463768    -13.269
-0.0502504 -0.0354508   0.998107   0.392577
         0          0          0          1
v_world_imu: -0.0668001   0.480653 0.00570299
frame_46
id: 3119
stamp: 1773062323.370689631
T_odom_lidar: 
-0.0887095  -0.994572  -0.054386     5.9047
  0.994935 -0.0910685  0.0425464   -13.2206
-0.0472683 -0.0503363   0.997613   0.385452
         0          0          0          1
T_world_lidar: 
-0.0887095  -0.994572  -0.054386     5.9047
  0.994935 -0.0910685  0.0425464   -13.2206
-0.0472683 -0.0503363   0.997613   0.385452
         0          0          0          1
v_world_imu: -0.0590872   0.476561  -0.105884
frame_47
id: 3120
stamp: 1773062323.470236778
T_odom_lidar: 
-0.0979144  -0.993636 -0.0556808    5.89674
  0.993617  -0.100755  0.0507303   -13.1724
-0.0560175 -0.0503581   0.997159   0.378247
         0          0          0          1
T_world_lidar: 
-0.0979144  -0.993636 -0.0556808    5.89674
  0.993617  -0.100755  0.0507303   -13.1724
-0.0560175 -0.0503581   0.997159   0.378247
         0          0          0          1
v_world_imu:  -0.187603   0.452336 -0.0472495
frame_48
id: 3121
stamp: 1773062323.570393801
T_odom_lidar: 
 -0.121912  -0.991229 -0.0510241    5.88963
  0.991597  -0.123877  0.0372939   -13.1268
-0.0432875 -0.0460488   0.998001   0.376473
         0          0          0          1
T_world_lidar: 
 -0.121912  -0.991229 -0.0510241    5.88963
  0.991597  -0.123877  0.0372939   -13.1268
-0.0432875 -0.0460488   0.998001   0.376473
         0          0          0          1
v_world_imu: -0.0184359   0.480076  -0.040705
frame_49
id: 3122
stamp: 1773062323.670108080
T_odom_lidar: 
 -0.134174  -0.990265 -0.0370357    5.88808
  0.989602  -0.135851  0.0472487   -13.0791
-0.0518201  -0.030311   0.998196   0.368335
         0          0          0          1
T_world_lidar: 
 -0.134174  -0.990265 -0.0370357    5.88808
  0.989602  -0.135851  0.0472487   -13.0791
-0.0518201  -0.030311   0.998196   0.368335
         0          0          0          1
v_world_imu:  0.0066034     0.4961 -0.0858526
frame_50
id: 3123
stamp: 1773062323.770651340
T_odom_lidar: 
 -0.114154  -0.993099 -0.0269088    5.88723
  0.992242  -0.115314  0.0464513   -13.0294
-0.0492337 -0.0213974   0.998558   0.372556
         0          0          0          1
T_world_lidar: 
 -0.114154  -0.993099 -0.0269088    5.88723
  0.992242  -0.115314  0.0464513   -13.0294
-0.0492337 -0.0213974   0.998558   0.372556
         0          0          0          1
v_world_imu: -0.0651815   0.486194  0.0466693
frame_51
id: 3124
stamp: 1773062323.870877028
T_odom_lidar: 
-0.0990218   -0.99425 -0.0407527    5.87798
  0.994094  -0.100668  0.0405382   -12.9818
-0.0444076 -0.0364979   0.998347   0.371868
         0          0          0          1
T_world_lidar: 
-0.0990218   -0.99425 -0.0407527    5.87798
  0.994094  -0.100668  0.0405382   -12.9818
-0.0444076 -0.0364979   0.998347   0.371868
         0          0          0          1
v_world_imu:  -0.111096    0.47075 -0.0790174
frame_52
id: 3125
stamp: 1773062323.970586538
T_odom_lidar: 
 -0.103474  -0.993313 -0.0512002    5.86924
  0.993436  -0.105737  0.0436506   -12.9346
-0.0487725 -0.0463474   0.997734   0.364464
         0          0          0          1
T_world_lidar: 
 -0.103474  -0.993313 -0.0512002    5.86924
  0.993436  -0.105737  0.0436506   -12.9346
-0.0487725 -0.0463474   0.997734   0.364464
         0          0          0          1
v_world_imu: -0.118203  0.431925 0.0365425
frame_53
id: 3126
stamp: 1773062324.070360661
T_odom_lidar: 
 -0.123721   -0.99127 -0.0455724    5.85986
  0.991367  -0.125481  0.0380147   -12.8901
-0.0434013 -0.0404758   0.998237   0.369111
         0          0          0          1
T_world_lidar: 
 -0.123721   -0.99127 -0.0455724    5.85986
  0.991367  -0.125481  0.0380147   -12.8901
-0.0434013 -0.0404758   0.998237   0.369111
         0          0          0          1
v_world_imu: -0.0581892   0.498865  0.0103946
frame_54
id: 3127
stamp: 1773062324.170406818
T_odom_lidar: 
 -0.137201  -0.989745 -0.0397699    5.85637
  0.989271  -0.138948  0.0451181    -12.837
-0.0501814 -0.0331529    0.99819   0.365804
         0          0          0          1
T_world_lidar: 
 -0.137201  -0.989745 -0.0397699    5.85637
  0.989271  -0.138948  0.0451181    -12.837
-0.0501814 -0.0331529    0.99819   0.365804
         0          0          0          1
v_world_imu: -0.00444628     0.57161  -0.0267318
frame_55
id: 3128
stamp: 1773062324.270945787
T_odom_lidar: 
  -0.11987  -0.992423 -0.0269762    5.85317
  0.991229   -0.12116  0.0527784   -12.7841
 -0.055647 -0.0204131   0.998242   0.370878
         0          0          0          1
T_world_lidar: 
  -0.11987  -0.992423 -0.0269762    5.85317
  0.991229   -0.12116  0.0527784   -12.7841
 -0.055647 -0.0204131   0.998242   0.370878
         0          0          0          1
v_world_imu: -0.0979973   0.442316  0.0677895
frame_56
id: 3129
stamp: 1773062324.371091604
T_odom_lidar: 
 -0.103194  -0.993411 -0.0498489    5.84024
  0.993602  -0.105266  0.0409055   -12.7407
-0.0458834 -0.0453088   0.997919   0.369266
         0          0          0          1
T_world_lidar: 
 -0.103194  -0.993411 -0.0498489    5.84024
  0.993602  -0.105266  0.0409055   -12.7407
-0.0458834 -0.0453088   0.997919   0.369266
         0          0          0          1
v_world_imu:  -0.129101   0.435006 -0.0923197
frame_57
id: 3130
stamp: 1773062324.471226692
T_odom_lidar: 
-0.0928677  -0.993457 -0.0664809    5.83101
  0.994714  -0.095509  0.0377126   -12.6962
-0.0438154 -0.0626272   0.997075   0.355049
         0          0          0          1
T_world_lidar: 
-0.0928677  -0.993457 -0.0664809    5.83101
  0.994714  -0.095509  0.0377126   -12.6962
-0.0438154 -0.0626272   0.997075   0.355049
         0          0          0          1
v_world_imu: -0.0759395   0.463447  -0.178468
frame_58
id: 3131
stamp: 1773062324.570932150
T_odom_lidar: 
 -0.121695   -0.99072 -0.0605296    5.81948
  0.991318  -0.124375  0.0426577   -12.6523
-0.0497902 -0.0548128   0.997254   0.357263
         0          0          0          1
T_world_lidar: 
 -0.121695   -0.99072 -0.0605296    5.81948
  0.991318  -0.124375  0.0426577   -12.6523
-0.0497902 -0.0548128   0.997254   0.357263
         0          0          0          1
v_world_imu: -0.0663309   0.440937  0.0932697
frame_59
id: 3132
stamp: 1773062324.670589685
T_odom_lidar: 
 -0.140062  -0.989462 -0.0367071    5.81496
  0.989075  -0.141536  0.0412041   -12.6076
-0.0459653  -0.030535   0.998476   0.361561
         0          0          0          1
T_world_lidar: 
 -0.140062  -0.989462 -0.0367071    5.81496
  0.989075  -0.141536  0.0412041   -12.6076
-0.0459653  -0.030535   0.998476   0.361561
         0          0          0          1
v_world_imu:  -0.0530693    0.427696 -0.00420492
frame_60
id: 3133
stamp: 1773062324.770753145
T_odom_lidar: 
  -0.134851   -0.990833 -0.00807076     5.81148
   0.989507   -0.135088   0.0512534    -12.5639
 -0.0518738 -0.00107449    0.998653    0.363962
          0           0           0           1
T_world_lidar: 
  -0.134851   -0.990833 -0.00807076     5.81148
   0.989507   -0.135088   0.0512534    -12.5639
 -0.0518738 -0.00107449    0.998653    0.363962
          0           0           0           1
v_world_imu: 0.0390983  0.475233  0.040114
frame_61
id: 3134
stamp: 1773062324.870900869
T_odom_lidar: 
 -0.116698  -0.992922 -0.0220726    5.81011
  0.992299  -0.117497   0.039214   -12.5141
-0.0415299 -0.0173264   0.998987   0.361872
         0          0          0          1
T_world_lidar: 
 -0.116698  -0.992922 -0.0220726    5.81011
  0.992299  -0.117497   0.039214   -12.5141
-0.0415299 -0.0173264   0.998987   0.361872
         0          0          0          1
v_world_imu: -0.0676982   0.491617 -0.0562926
frame_62
id: 3135
stamp: 1773062324.970902205
T_odom_lidar: 
-0.0991939  -0.994511  -0.033295    5.80284
  0.994288  -0.100385  0.0362449   -12.4666
-0.0393883 -0.0295095   0.998788   0.354548
         0          0          0          1
T_world_lidar: 
-0.0991939  -0.994511  -0.033295    5.80284
  0.994288  -0.100385  0.0362449   -12.4666
-0.0393883 -0.0295095   0.998788   0.354548
         0          0          0          1
v_world_imu: -0.0977865   0.464244 -0.0862722
frame_63
id: 3136
stamp: 1773062325.070668221
T_odom_lidar: 
 -0.113987  -0.992362 -0.0471644    5.78997
  0.992204  -0.116119   0.045246   -12.4211
-0.0503771 -0.0416393   0.997862    0.34762
         0          0          0          1
T_world_lidar: 
 -0.113987  -0.992362 -0.0471644    5.78997
  0.992204  -0.116119   0.045246   -12.4211
-0.0503771 -0.0416393   0.997862    0.34762
         0          0          0          1
v_world_imu:   -0.166045    0.473949 -0.00958815
frame_64
id: 3137
stamp: 1773062325.170382977
T_odom_lidar: 
 -0.129796  -0.990976 -0.0334582    5.78405
  0.990429  -0.131174  0.0429337   -12.3724
-0.0469352 -0.0275653   0.998518   0.348734
         0          0          0          1
T_world_lidar: 
 -0.129796  -0.990976 -0.0334582    5.78405
  0.990429  -0.131174  0.0429337   -12.3724
-0.0469352 -0.0275653   0.998518   0.348734
         0          0          0          1
v_world_imu: -0.0351213   0.496675  0.0196463
frame_65
id: 3138
stamp: 1773062325.270525217
T_odom_lidar: 
 -0.138815  -0.989948 -0.0270664    5.77943
  0.988967  -0.140001   0.048423   -12.3223
-0.0517256 -0.0200459    0.99846   0.348479
         0          0          0          1
T_world_lidar: 
 -0.138815  -0.989948 -0.0270664    5.77943
  0.988967  -0.140001   0.048423   -12.3223
-0.0517256 -0.0200459    0.99846   0.348479
         0          0          0          1
v_world_imu: -0.0361941   0.529261 -0.0123812
frame_66
id: 3139
stamp: 1773062325.371018887
T_odom_lidar: 
 -0.109835  -0.993727 -0.0210403    5.77826
  0.992961  -0.110645  0.0422551   -12.2732
-0.0443181 -0.0162511   0.998885    0.35747
         0          0          0          1
T_world_lidar: 
 -0.109835  -0.993727 -0.0210403    5.77826
  0.992961  -0.110645  0.0422551   -12.2732
-0.0443181 -0.0162511   0.998885    0.35747
         0          0          0          1
v_world_imu: -0.0448265   0.467761 0.00825502
frame_67
id: 3140
stamp: 1773062325.471295357
T_odom_lidar: 
-0.0917117  -0.995015 -0.0391654     5.7717
  0.994902 -0.0932156  0.0384707   -12.2279
-0.0419298 -0.0354376   0.998492   0.354803
         0          0          0          1
T_world_lidar: 
-0.0917117  -0.995015 -0.0391654     5.7717
  0.994902 -0.0932156  0.0384707   -12.2279
-0.0419298 -0.0354376   0.998492   0.354803
         0          0          0          1
v_world_imu: -0.0481814   0.432678 -0.0538472
frame_68
id: 3141
stamp: 1773062325.570857048
T_odom_lidar: 
 -0.097123  -0.993994 -0.0504335    5.76425
  0.994423 -0.0990089  0.0363438   -12.1835
-0.0411188 -0.0466224   0.998066   0.353451
         0          0          0          1
T_world_lidar: 
 -0.097123  -0.993994 -0.0504335    5.76425
  0.994423 -0.0990089  0.0363438   -12.1835
-0.0411188 -0.0466224   0.998066   0.353451
         0          0          0          1
v_world_imu: -0.146994  0.446783   0.11676
frame_69
id: 3142
stamp: 1773062325.670507908
T_odom_lidar: 
 -0.114252  -0.992685 -0.0390371    5.75522
  0.992627   -0.11567   0.036232   -12.1362
-0.0404823 -0.0346097   0.998581   0.356242
         0          0          0          1
T_world_lidar: 
 -0.114252  -0.992685 -0.0390371    5.75522
  0.992627   -0.11567   0.036232   -12.1362
-0.0404823 -0.0346097   0.998581   0.356242
         0          0          0          1
v_world_imu: -0.0291855   0.493398 -0.0303278
frame_70
id: 3143
stamp: 1773062325.770300388
T_odom_lidar: 
 -0.125594  -0.991815  -0.023024    5.75278
  0.991315  -0.126375    0.03638   -12.0857
-0.0389919  -0.018255   0.999073   0.351074
         0          0          0          1
T_world_lidar: 
 -0.125594  -0.991815  -0.023024    5.75278
  0.991315  -0.126375    0.03638   -12.0857
-0.0389919  -0.018255   0.999073   0.351074
         0          0          0          1
v_world_imu: -0.00979288     0.53498  -0.0746158
frame_71
id: 3144
stamp: 1773062325.870657444
T_odom_lidar: 
 -0.100812  -0.994711 -0.0196653    5.75027
  0.994135  -0.101492  0.0373585   -12.0383
-0.0391568 -0.0157838   0.999108   0.352386
         0          0          0          1
T_world_lidar: 
 -0.100812  -0.994711 -0.0196653    5.75027
  0.994135  -0.101492  0.0373585   -12.0383
-0.0391568 -0.0157838   0.999108   0.352386
         0          0          0          1
v_world_imu:  -0.097716    0.47329 -0.0017669
frame_72
id: 3145
stamp: 1773062325.970635653
T_odom_lidar: 
-0.0825106  -0.995827 -0.0389975    5.73838
  0.995968 -0.0837784  0.0320769   -11.9892
-0.0352102 -0.0361936   0.998724   0.348945
         0          0          0          1
T_world_lidar: 
-0.0825106  -0.995827 -0.0389975    5.73838
  0.995968 -0.0837784  0.0320769   -11.9892
-0.0352102 -0.0361936   0.998724   0.348945
         0          0          0          1
v_world_imu: -0.113158  0.494196 -0.059861
frame_73
id: 3146
stamp: 1773062326.070670366
T_odom_lidar: 
-0.0858414  -0.995208 -0.0468204     5.7278
  0.995501 -0.0875692  0.0361898   -11.9414
-0.0401164 -0.0435032   0.998248   0.345977
         0          0          0          1
T_world_lidar: 
-0.0858414  -0.995208 -0.0468204     5.7278
  0.995501 -0.0875692  0.0361898   -11.9414
-0.0401164 -0.0435032   0.998248   0.345977
         0          0          0          1
v_world_imu: -0.101677   0.36979 0.0798717
frame_74
id: 3147
stamp: 1773062326.170245886
T_odom_lidar: 
 -0.102102  -0.993824 -0.0434733     5.7181
  0.994249   -0.10337  0.0279843   -11.8985
-0.0323053 -0.0403661   0.998663   0.349055
         0          0          0          1
T_world_lidar: 
 -0.102102  -0.993824 -0.0434733     5.7181
  0.994249   -0.10337  0.0279843   -11.8985
-0.0323053 -0.0403661   0.998663   0.349055
         0          0          0          1
v_world_imu:   -0.060136    0.442492 -0.00158828
frame_75
id: 3148
stamp: 1773062326.270259142
T_odom_lidar: 
  -0.11089  -0.993371 -0.0302797    5.71188
  0.992865  -0.112074  0.0407149   -11.8541
-0.0438385 -0.0255488   0.998712   0.346427
         0          0          0          1
T_world_lidar: 
  -0.11089  -0.993371 -0.0302797    5.71188
  0.992865  -0.112074  0.0407149   -11.8541
-0.0438385 -0.0255488   0.998712   0.346427
         0          0          0          1
v_world_imu: -0.0649889   0.462772  -0.046237
frame_76
id: 3149
stamp: 1773062326.370713949
T_odom_lidar: 
-0.0920879  -0.995362 -0.0278326    5.70756
  0.994804 -0.0931832  0.0410158   -11.8077
 -0.043419 -0.0239109   0.998771   0.346792
         0          0          0          1
T_world_lidar: 
-0.0920879  -0.995362 -0.0278326    5.70756
  0.994804 -0.0931832  0.0410158   -11.8077
 -0.043419 -0.0239109   0.998771   0.346792
         0          0          0          1
v_world_imu: -0.0372904   0.464937  0.0545892
frame_77
id: 3150
stamp: 1773062326.470975161
T_odom_lidar: 
-0.0757902  -0.996196 -0.0430007    5.69804
  0.996513 -0.0771826  0.0316977   -11.7601
 -0.034896 -0.0404483   0.998572    0.34739
         0          0          0          1
T_world_lidar: 
-0.0757902  -0.996196 -0.0430007    5.69804
  0.996513 -0.0771826  0.0316977   -11.7601
 -0.034896 -0.0404483   0.998572    0.34739
         0          0          0          1
v_world_imu: -0.118494  0.470053 -0.041411
frame_78
id: 3151
stamp: 1773062326.570917368
T_odom_lidar: 
-0.0720765  -0.996643 -0.0388278    5.68631
  0.996513 -0.0735983  0.0393021   -11.7126
-0.0420278 -0.0358596   0.998473   0.345106
         0          0          0          1
T_world_lidar: 
-0.0720765  -0.996643 -0.0388278    5.68631
  0.996513 -0.0735983  0.0393021   -11.7126
-0.0420278 -0.0358596   0.998473   0.345106
         0          0          0          1
v_world_imu: -0.192457  0.393074 0.0568104
frame_79
id: 3152
stamp: 1773062326.670735359
T_odom_lidar: 
-0.0920637  -0.994619  -0.047504    5.67561
  0.995087  -0.093642  0.0321381   -11.6682
-0.0364136 -0.0443119   0.998354    0.34623
         0          0          0          1
T_world_lidar: 
-0.0920637  -0.994619  -0.047504    5.67561
  0.995087  -0.093642  0.0321381   -11.6682
-0.0364136 -0.0443119   0.998354    0.34623
         0          0          0          1
v_world_imu: -0.0451102   0.483067 -0.0170453
frame_80
id: 3153
stamp: 1773062326.770701408
T_odom_lidar: 
 -0.105863  -0.993913 -0.0304855     5.6705
  0.993627  -0.106926  0.0356653   -11.6202
-0.0387079 -0.0265156   0.998899   0.341682
         0          0          0          1
T_world_lidar: 
 -0.105863  -0.993913 -0.0304855     5.6705
  0.993627  -0.106926  0.0356653   -11.6202
-0.0387079 -0.0265156   0.998899   0.341682
         0          0          0          1
v_world_imu: -0.0429685   0.482448 -0.0266722
frame_81
id: 3154
stamp: 1773062326.871110439
T_odom_lidar: 
-0.0910987  -0.995539 -0.0245725    5.67278
  0.994486 -0.0922342   0.049907   -11.5744
-0.0519508 -0.0198905   0.998452   0.350302
         0          0          0          1
T_world_lidar: 
-0.0910987  -0.995539 -0.0245725    5.67278
  0.994486 -0.0922342   0.049907   -11.5744
-0.0519508 -0.0198905   0.998452   0.350302
         0          0          0          1
v_world_imu: 0.00674584   0.389059  0.0441867
frame_82
id: 3155
stamp: 1773062326.971355438
T_odom_lidar: 
 -0.072544  -0.996896 -0.0305982    5.66641
  0.996447  -0.073759  0.0406468   -11.5316
-0.0427776 -0.0275408   0.998705   0.352822
