id: 0
T_world_origin: 
    0.488248    -0.872418   -0.0223807     -6.45684
    0.872705      0.48807    0.0131933     -2.07906
-0.000586728   -0.0259733     0.999662    -0.139333
           0            0            0            1
T_origin_endpoint_L: 
   0.485504      0.8742 -0.00781912     4.96575
   -0.87422    0.485528  0.00141892     -4.6213
 0.00503682  0.00614674    0.999968   0.0223137
          0           0           0           1
T_origin_endpoint_R: 
   0.573308    0.819313 -0.00667578     4.96741
  -0.819314    0.573336  0.00328178    -5.44945
 0.00651626  0.00358809    0.999972   0.0242599
          0           0           0           1
T_lidar_imu: 
     1      0      0  0.006
     0      1      0 -0.012
     0      0      1  0.008
     0      0      0      1
imu_bias:  0.00662236  0.00141551   -0.017616 -0.00191026 -0.00256933 -0.00297242
frame_id: 2
num_frames: 1940
frame_0
id: 0
stamp: 82.197218690
T_odom_lidar: 
   0.999619  0.00310517  -0.0274355 -0.00685294
-0.00291245    0.999971  0.00706163   0.0113119
  0.0274567 -0.00697903    0.999599 -0.00815546
          0           0           0           1
T_world_lidar: 
   0.999619  0.00310517  -0.0274355 -0.00685294
-0.00291245    0.999971  0.00706163   0.0113119
  0.0274567 -0.00697903    0.999599 -0.00815546
          0           0           0           1
v_world_imu: 0.000377375   -0.001308    0.029279
frame_1
id: 1
stamp: 82.297266850
T_odom_lidar: 
   0.999632  0.00325471  -0.0269246 -0.00673112
-0.00306733    0.999971  0.00699783   0.0114048
  0.0269466 -0.00691267    0.999613 -0.00612854
          0           0           0           1
T_world_lidar: 
   0.999632  0.00325471  -0.0269246 -0.00673112
-0.00306733    0.999971  0.00699783   0.0114048
  0.0269466 -0.00691267    0.999613 -0.00612854
          0           0           0           1
v_world_imu: 0.000228866   0.0014112  0.00667962
frame_2
id: 2
stamp: 82.397359560
T_odom_lidar: 
   0.999627  0.00306128   -0.027123 -0.00671995
-0.00287521    0.999972  0.00689645   0.0116642
  0.0271434  -0.0068159    0.999608 -0.00645835
          0           0           0           1
T_world_lidar: 
   0.999627  0.00306128   -0.027123 -0.00671995
-0.00287521    0.999972  0.00689645   0.0116642
  0.0271434  -0.0068159    0.999608 -0.00645835
          0           0           0           1
v_world_imu: -4.20057e-06   -0.0009462  -0.00397133
frame_3
id: 3
stamp: 82.497343140
T_odom_lidar: 
   0.999625  0.00309173  -0.0271989 -0.00663911
-0.00290449    0.999972   0.0069211   0.0115327
  0.0272195  -0.0068395    0.999606  -0.0064447
          0           0           0           1
T_world_lidar: 
   0.999625  0.00309173  -0.0271989 -0.00663911
-0.00290449    0.999972   0.0069211   0.0115327
  0.0272195  -0.0068395    0.999606  -0.0064447
          0           0           0           1
v_world_imu:  0.00103381 -0.00466108 4.55472e-05
frame_4
id: 4
stamp: 82.597318650
T_odom_lidar: 
   0.999625  0.00310847  -0.0272039 -0.00647652
-0.00292308    0.999972  0.00685197   0.0111043
  0.0272245 -0.00676988    0.999606 -0.00641601
          0           0           0           1
T_world_lidar: 
   0.999625  0.00310847  -0.0272039 -0.00647652
-0.00292308    0.999972  0.00685197   0.0111043
  0.0272245 -0.00676988    0.999606 -0.00641601
          0           0           0           1
v_world_imu:   0.00135308  -0.00225659 -0.000562752
frame_5
id: 5
stamp: 82.697390320
T_odom_lidar: 
   0.999622   0.0033065  -0.0273058 -0.00622496
-0.00312045    0.999972  0.00685316   0.0113039
  0.0273277 -0.00676536    0.999604 -0.00652342
          0           0           0           1
T_world_lidar: 
   0.999622   0.0033065  -0.0273058 -0.00622496
-0.00312045    0.999972  0.00685316   0.0113039
  0.0273277 -0.00676536    0.999604 -0.00652342
          0           0           0           1
v_world_imu: -0.000119302   0.00265266 -0.000146326
frame_6
id: 6
stamp: 82.797503160
T_odom_lidar: 
   0.999612  0.00312547   -0.027693  -0.0064941
-0.00293907    0.999973  0.00676913   0.0116973
  0.0277134 -0.00668511    0.999594 -0.00646246
          0           0           0           1
T_world_lidar: 
   0.999612  0.00312547   -0.027693  -0.0064941
-0.00293907    0.999973  0.00676913   0.0116973
  0.0277134 -0.00668511    0.999594 -0.00646246
          0           0           0           1
v_world_imu:  -0.0031624  4.3367e-05 0.000278724
frame_7
id: 7
stamp: 82.897637860
T_odom_lidar: 
   0.999628  0.00304438  -0.0271034 -0.00667331
-0.00285674    0.999972  0.00695895   0.0118557
  0.0271238 -0.00687894    0.999608 -0.00643405
          0           0           0           1
T_world_lidar: 
   0.999628  0.00304438  -0.0271034 -0.00667331
-0.00285674    0.999972  0.00695895   0.0118557
  0.0271238 -0.00687894    0.999608 -0.00643405
          0           0           0           1
v_world_imu:  -0.00167977 -0.000825594   0.00063307
frame_8
id: 8
stamp: 82.997773330
T_odom_lidar: 
   0.999629  0.00310524  -0.0270667 -0.00674069
-0.00292266    0.999973  0.00678257   0.0117623
   0.027087 -0.00670095    0.999611 -0.00634155
          0           0           0           1
T_world_lidar: 
   0.999629  0.00310524  -0.0270667 -0.00674069
-0.00292266    0.999973  0.00678257   0.0117623
   0.027087 -0.00670095    0.999611 -0.00634155
          0           0           0           1
v_world_imu:  0.00121417 -0.00429257  0.00175588
frame_9
id: 9
stamp: 83.097906770
T_odom_lidar: 
   0.999634  0.00316559  -0.0268652 -0.00636801
-0.00298486    0.999973  0.00676501    0.011615
  0.0268859 -0.00668235    0.999616 -0.00621152
          0           0           0           1
T_world_lidar: 
   0.999634  0.00316559  -0.0268652 -0.00636801
-0.00298486    0.999973  0.00676501    0.011615
  0.0268859 -0.00668235    0.999616 -0.00621152
          0           0           0           1
v_world_imu:  0.00396915 -0.00135285  0.00181477
frame_10
id: 10
stamp: 83.197858080
T_odom_lidar: 
   0.999625  0.00320574  -0.0271963 -0.00597386
-0.00301944    0.999972  0.00688821   0.0117103
  0.0272176 -0.00680351    0.999606 -0.00608632
          0           0           0           1
T_world_lidar: 
   0.999625  0.00320574  -0.0271963 -0.00597386
-0.00301944    0.999972  0.00688821   0.0117103
  0.0272176 -0.00680351    0.999606 -0.00608632
          0           0           0           1
v_world_imu:   0.00112788  -0.00320408 -0.000656608
frame_11
id: 11
stamp: 83.297594480
T_odom_lidar: 
   0.999623  0.00324956  -0.0272804  -0.0060533
-0.00306278    0.999972  0.00688546   0.0113232
   0.027302 -0.00679931    0.999604  -0.0062884
          0           0           0           1
T_world_lidar: 
   0.999623  0.00324956  -0.0272804  -0.0060533
-0.00306278    0.999972  0.00688546   0.0113232
   0.027302 -0.00679931    0.999604  -0.0062884
          0           0           0           1
v_world_imu: -0.00131402 -0.00305906 -0.00239056
frame_12
id: 12
stamp: 83.397241380
T_odom_lidar: 
   0.999623  0.00314908  -0.0272851 -0.00587374
  -0.002965    0.999973  0.00678442   0.0114469
  0.0273057 -0.00670096    0.999605 -0.00637331
          0           0           0           1
T_world_lidar: 
   0.999623  0.00314908  -0.0272851 -0.00587374
  -0.002965    0.999973  0.00678442   0.0114469
  0.0273057 -0.00670096    0.999605 -0.00637331
          0           0           0           1
v_world_imu:  0.000645221  0.000831779 -0.000482512
frame_13
id: 13
stamp: 83.496879360
T_odom_lidar: 
   0.999623  0.00319874  -0.0272682 -0.00597942
-0.00301515    0.999973  0.00677142   0.0115701
  0.0272891 -0.00668665    0.999605 -0.00629602
          0           0           0           1
T_world_lidar: 
   0.999623  0.00319874  -0.0272682 -0.00597942
-0.00301515    0.999973  0.00677142   0.0115701
  0.0272891 -0.00668665    0.999605 -0.00629602
          0           0           0           1
v_world_imu: -0.00439278  0.00086153 0.000980252
frame_14
id: 14
stamp: 83.596548770
T_odom_lidar: 
   0.999622  0.00313995  -0.0273218 -0.00611587
-0.00295607    0.999973  0.00676793   0.0115373
  0.0273423  -0.0066846    0.999604 -0.00624193
          0           0           0           1
T_world_lidar: 
   0.999622  0.00313995  -0.0273218 -0.00611587
-0.00295607    0.999973  0.00676793   0.0115373
  0.0273423  -0.0066846    0.999604 -0.00624193
          0           0           0           1
v_world_imu: -0.000245959  -0.00288837  0.000128067
frame_15
id: 15
stamp: 83.696293190
T_odom_lidar: 
   0.999624  0.00323199  -0.0272411 -0.00609147
-0.00304642    0.999972  0.00685096   0.0111747
  0.0272625  -0.0067654    0.999605 -0.00626642
          0           0           0           1
T_world_lidar: 
   0.999624  0.00323199  -0.0272411 -0.00609147
-0.00304642    0.999972  0.00685096   0.0111747
  0.0272625  -0.0067654    0.999605 -0.00626642
          0           0           0           1
v_world_imu: -0.00232669  0.00323059 -0.00162711
frame_16
id: 16
stamp: 83.796146840
T_odom_lidar: 
   0.999623  0.00308525   -0.027272 -0.00627215
-0.00290206    0.999973  0.00675411   0.0118458
  0.0272921 -0.00667242    0.999605 -0.00640029
          0           0           0           1
T_world_lidar: 
   0.999623  0.00308525   -0.027272 -0.00627215
-0.00290206    0.999973  0.00675411   0.0118458
  0.0272921 -0.00667242    0.999605 -0.00640029
          0           0           0           1
v_world_imu: -0.000233512   0.00537331  -0.00113162
frame_17
id: 17
stamp: 83.896091920
T_odom_lidar: 
   0.999631  0.00306183  -0.0269854 -0.00618403
 -0.0028778    0.999972  0.00685612   0.0119977
  0.0270056 -0.00677593    0.999612 -0.00647112
          0           0           0           1
T_world_lidar: 
   0.999631  0.00306183  -0.0269854 -0.00618403
 -0.0028778    0.999972  0.00685612   0.0119977
  0.0270056 -0.00677593    0.999612 -0.00647112
          0           0           0           1
v_world_imu:  -0.00198368 -0.000133043   0.00143538
frame_18
id: 18
stamp: 83.996149120
T_odom_lidar: 
   0.999634  0.00317498  -0.0268717 -0.00649855
-0.00299308    0.999972  0.00680689    0.011693
  0.0268925 -0.00672397    0.999616 -0.00617377
          0           0           0           1
T_world_lidar: 
   0.999634  0.00317498  -0.0268717 -0.00649855
-0.00299308    0.999972  0.00680689    0.011693
  0.0268925 -0.00672397    0.999616 -0.00617377
          0           0           0           1
v_world_imu: -0.00109966   0.0014846  0.00113703
frame_19
id: 19
stamp: 84.096270020
T_odom_lidar: 
   0.999626  0.00316524  -0.0271656  -0.0060839
-0.00298023    0.999972  0.00684829   0.0117625
  0.0271866 -0.00676477    0.999607 -0.00626588
          0           0           0           1
T_world_lidar: 
   0.999626  0.00316524  -0.0271656  -0.0060839
-0.00298023    0.999972  0.00684829   0.0117625
  0.0271866 -0.00676477    0.999607 -0.00626588
          0           0           0           1
v_world_imu:  0.00448206 -0.00287164 -0.00106248
frame_20
id: 20
stamp: 84.196417310
T_odom_lidar: 
   0.999611  0.00306115  -0.0277357 -0.00596072
-0.00287408    0.999973  0.00678232   0.0114616
  0.0277557 -0.00669996    0.999592 -0.00618848
          0           0           0           1
T_world_lidar: 
   0.999611  0.00306115  -0.0277357 -0.00596072
-0.00287408    0.999973  0.00678232   0.0114616
  0.0277557 -0.00669996    0.999592 -0.00618848
          0           0           0           1
v_world_imu: -0.00303479  0.00211412 -0.00114566
frame_21
id: 21
stamp: 84.296598460
T_odom_lidar: 
    0.99963  0.00319739  -0.0270219 -0.00620342
-0.00301549    0.999973  0.00676979   0.0117639
  0.0270428  -0.0066858    0.999612 -0.00619102
          0           0           0           1
T_world_lidar: 
    0.99963  0.00319739  -0.0270219 -0.00620342
-0.00301549    0.999973  0.00676979   0.0117639
  0.0270428  -0.0066858    0.999612 -0.00619102
          0           0           0           1
v_world_imu: 0.000636357  0.00167541 -0.00128107
frame_22
id: 22
stamp: 84.396697140
T_odom_lidar: 
   0.999615  0.00308914  -0.0275696 -0.00608126
-0.00290161    0.999972  0.00683962   0.0116216
    0.02759 -0.00675699    0.999596  -0.0062482
          0           0           0           1
T_world_lidar: 
   0.999615  0.00308914  -0.0275696 -0.00608126
-0.00290161    0.999972  0.00683962   0.0116216
    0.02759 -0.00675699    0.999596  -0.0062482
          0           0           0           1
v_world_imu:  -0.00153514 -0.000574624  0.000792046
frame_23
id: 23
stamp: 84.496607980
T_odom_lidar: 
   0.999629  0.00318463  -0.0270443 -0.00619588
-0.00300072    0.999972  0.00683792   0.0118342
  0.0270654 -0.00675423    0.999611 -0.00588205
          0           0           0           1
T_world_lidar: 
   0.999629  0.00318463  -0.0270443 -0.00619588
-0.00300072    0.999972  0.00683792   0.0118342
  0.0270654 -0.00675423    0.999611 -0.00588205
          0           0           0           1
v_world_imu: -0.000855288   0.00047629   0.00272868
frame_24
id: 24
stamp: 84.596457420
T_odom_lidar: 
   0.999625   0.0031962  -0.0271824 -0.00626388
 -0.0030131    0.999973  0.00677409   0.0116509
  0.0272033 -0.00668965    0.999608 -0.00565501
          0           0           0           1
T_world_lidar: 
   0.999625   0.0031962  -0.0271824 -0.00626388
 -0.0030131    0.999973  0.00677409   0.0116509
  0.0272033 -0.00668965    0.999608 -0.00565501
          0           0           0           1
v_world_imu: -0.000532604  -0.00400036 -0.000829451
frame_25
id: 25
stamp: 84.696313910
T_odom_lidar: 
   0.999618  0.00325507   -0.027429 -0.00596716
 -0.0030688    0.999972  0.00683013   0.0112161
  0.0274504 -0.00674335      0.9996 -0.00589928
          0           0           0           1
T_world_lidar: 
   0.999618  0.00325507   -0.027429 -0.00596716
 -0.0030688    0.999972  0.00683013   0.0112161
  0.0274504 -0.00674335      0.9996 -0.00589928
          0           0           0           1
v_world_imu:  0.00364646 0.000396768 -0.00319108
frame_26
id: 26
stamp: 84.796289610
T_odom_lidar: 
   0.999622  0.00311784  -0.0273151  -0.0057707
-0.00293044    0.999972  0.00689803   0.0114194
  0.0273358 -0.00681538    0.999603 -0.00610872
          0           0           0           1
T_world_lidar: 
   0.999622  0.00311784  -0.0273151  -0.0057707
-0.00293044    0.999972  0.00689803   0.0114194
  0.0273358 -0.00681538    0.999603 -0.00610872
          0           0           0           1
v_world_imu:  0.000262742  -0.00115279 -0.000928801
frame_27
id: 27
stamp: 84.896405890
T_odom_lidar: 
   0.999625  0.00332553  -0.0271922 -0.00589273
-0.00314166    0.999972  0.00680162    0.011177
   0.027214 -0.00671363    0.999607 -0.00610769
          0           0           0           1
T_world_lidar: 
   0.999625  0.00332553  -0.0271922 -0.00589273
-0.00314166    0.999972  0.00680162    0.011177
   0.027214 -0.00671363    0.999607 -0.00610769
          0           0           0           1
v_world_imu: -0.00232328 0.000964867 -0.00312737
frame_28
id: 28
stamp: 84.996541090
T_odom_lidar: 
   0.999616  0.00298093  -0.0275366  -0.0061284
-0.00279409    0.999973  0.00682105   0.0112536
  0.0275562 -0.00674149    0.999598 -0.00649586
          0           0           0           1
T_world_lidar: 
   0.999616  0.00298093  -0.0275366  -0.0061284
-0.00279409    0.999973  0.00682105   0.0112536
  0.0275562 -0.00674149    0.999598 -0.00649586
          0           0           0           1
v_world_imu:  -0.00103585 -0.000658406  -0.00353088
frame_29
id: 29
stamp: 85.096745940
T_odom_lidar: 
   0.999614  0.00313391  -0.0275898 -0.00599315
-0.00294763    0.999973  0.00678997   0.0110594
  0.0276104 -0.00670603    0.999596 -0.00653709
          0           0           0           1
T_world_lidar: 
   0.999614  0.00313391  -0.0275898 -0.00599315
-0.00294763    0.999973  0.00678997   0.0110594
  0.0276104 -0.00670603    0.999596 -0.00653709
          0           0           0           1
v_world_imu:  0.00072609 0.000728264  0.00029406
frame_30
id: 30
stamp: 85.196984620
T_odom_lidar: 
   0.999621  0.00312114  -0.0273589 -0.00588978
-0.00293567    0.999972  0.00681684     0.01149
  0.0273795 -0.00673394    0.999602 -0.00641481
          0           0           0           1
T_world_lidar: 
   0.999621  0.00312114  -0.0273589 -0.00588978
-0.00293567    0.999972  0.00681684     0.01149
  0.0273795 -0.00673394    0.999602 -0.00641481
          0           0           0           1
v_world_imu: -0.00261497  0.00475501 -0.00120288
frame_31
id: 31
stamp: 85.297217650
T_odom_lidar: 
   0.999627  0.00312048  -0.0271351 -0.00633777
-0.00293401    0.999972  0.00690898   0.0119314
  0.0271559 -0.00682678    0.999608 -0.00661467
          0           0           0           1
T_world_lidar: 
   0.999627  0.00312048  -0.0271351 -0.00633777
-0.00293401    0.999972  0.00690898   0.0119314
  0.0271559 -0.00682678    0.999608 -0.00661467
          0           0           0           1
v_world_imu: -0.00489964 -0.00127837 -0.00016858
frame_32
id: 32
stamp: 85.397286730
T_odom_lidar: 
   0.999628  0.00307644  -0.0270915 -0.00669542
-0.00288978    0.999972   0.0069264   0.0116228
   0.027112 -0.00684554    0.999609 -0.00646296
          0           0           0           1
T_world_lidar: 
   0.999628  0.00307644  -0.0270915 -0.00669542
-0.00288978    0.999972   0.0069264   0.0116228
   0.027112 -0.00684554    0.999609 -0.00646296
          0           0           0           1
v_world_imu: -0.00106147 -0.00293718 0.000619937
frame_33
id: 33
stamp: 85.497164070
T_odom_lidar: 
   0.999621  0.00316593  -0.0273635  -0.0064288
-0.00297995    0.999972  0.00683454   0.0114549
  0.0273844  -0.0067504    0.999602 -0.00637256
          0           0           0           1
T_world_lidar: 
   0.999621  0.00316593  -0.0273635  -0.0064288
-0.00297995    0.999972  0.00683454   0.0114549
  0.0273844  -0.0067504    0.999602 -0.00637256
          0           0           0           1
v_world_imu:   0.00135253  -0.00255631 -0.000328129
frame_34
id: 34
stamp: 85.596930030
T_odom_lidar: 
   0.999615  0.00310012  -0.0275857 -0.00638677
-0.00291519    0.999973   0.0067417   0.0113994
  0.0276059 -0.00665869    0.999597  -0.0065072
          0           0           0           1
T_world_lidar: 
   0.999615  0.00310012  -0.0275857 -0.00638677
-0.00291519    0.999973   0.0067417   0.0113994
  0.0276059 -0.00665869    0.999597  -0.0065072
          0           0           0           1
v_world_imu: -0.00333392 0.000331602 -0.00345515
frame_35
id: 35
stamp: 85.696702300
T_odom_lidar: 
   0.999624   0.0030486  -0.0272615 -0.00682414
-0.00285963    0.999972  0.00696803   0.0114308
   0.027282 -0.00688745    0.999604 -0.00660144
          0           0           0           1
T_world_lidar: 
   0.999624   0.0030486  -0.0272615 -0.00682414
-0.00285963    0.999972  0.00696803   0.0114308
   0.027282 -0.00688745    0.999604 -0.00660144
          0           0           0           1
v_world_imu: -0.00299169 0.000207476  0.00152585
frame_36
id: 36
stamp: 85.796564780
T_odom_lidar: 
    0.99961  0.00289785  -0.0277633 -0.00666497
-0.00270771    0.999973  0.00688398   0.0116669
  0.0277825 -0.00680612    0.999591 -0.00630478
          0           0           0           1
T_world_lidar: 
    0.99961  0.00289785  -0.0277633 -0.00666497
-0.00270771    0.999973  0.00688398   0.0116669
  0.0277825 -0.00680612    0.999591 -0.00630478
          0           0           0           1
v_world_imu:  0.00401615 0.000679431  0.00259223
frame_37
id: 37
stamp: 85.896529150
T_odom_lidar: 
   0.999616  0.00304733  -0.0275452 -0.00608634
-0.00286797    0.999974  0.00654858   0.0117197
  0.0275644 -0.00646707    0.999599 -0.00599853
          0           0           0           1
T_world_lidar: 
   0.999616  0.00304733  -0.0275452 -0.00608634
-0.00286797    0.999974  0.00654858   0.0117197
  0.0275644 -0.00646707    0.999599 -0.00599853
          0           0           0           1
v_world_imu:  0.00296745 -0.00159862  0.00152774
frame_38
id: 38
stamp: 85.996603330
T_odom_lidar: 
   0.999621  0.00309545  -0.0273533 -0.00618731
-0.00291665    0.999974  0.00657435   0.0113954
   0.027373 -0.00649208    0.999604 -0.00594545
          0           0           0           1
T_world_lidar: 
   0.999621  0.00309545  -0.0273533 -0.00618731
-0.00291665    0.999974  0.00657435   0.0113954
   0.027373 -0.00649208    0.999604 -0.00594545
          0           0           0           1
v_world_imu: -0.00429192 -0.00347436 -0.00127423
frame_39
id: 39
stamp: 86.096681320
T_odom_lidar: 
   0.999633  0.00319205  -0.0268881 -0.00631695
-0.00301155    0.999973  0.00675073   0.0113075
  0.0269089 -0.00666728    0.999616 -0.00600405
          0           0           0           1
T_world_lidar: 
   0.999633  0.00319205  -0.0268881 -0.00631695
-0.00301155    0.999973  0.00675073   0.0113075
  0.0269089 -0.00666728    0.999616 -0.00600405
          0           0           0           1
v_world_imu: 0.000557722  0.00228719 -0.00120087
frame_40
id: 40
stamp: 86.196785700
T_odom_lidar: 
   0.999623  0.00299316   -0.027294 -0.00624513
-0.00280913    0.999973  0.00677838   0.0117543
  0.0273135 -0.00669915    0.999604 -0.00604814
          0           0           0           1
T_world_lidar: 
   0.999623  0.00299316   -0.027294 -0.00624513
-0.00280913    0.999973  0.00677838   0.0117543
  0.0273135 -0.00669915    0.999604 -0.00604814
          0           0           0           1
v_world_imu:  0.00092507  0.00275711 -0.00187501
frame_41
id: 41
stamp: 86.296838280
T_odom_lidar: 
   0.999625   0.0030759  -0.0272136 -0.00607641
-0.00289125    0.999973  0.00682184   0.0117108
  0.0272338  -0.0067406    0.999606 -0.00607602
          0           0           0           1
T_world_lidar: 
   0.999625   0.0030759  -0.0272136 -0.00607641
-0.00289125    0.999973  0.00682184   0.0117108
  0.0272338  -0.0067406    0.999606 -0.00607602
          0           0           0           1
v_world_imu: 0.000649411 -0.00311497 8.70526e-05
frame_42
id: 42
stamp: 86.396803150
T_odom_lidar: 
   0.999619  0.00315167   -0.027418 -0.00603116
-0.00296745    0.999973  0.00675697   0.0113368
  0.0274385 -0.00667303    0.999601 -0.00612127
          0           0           0           1
T_world_lidar: 
   0.999619  0.00315167   -0.027418 -0.00603116
-0.00296745    0.999973  0.00675697   0.0113368
  0.0274385 -0.00667303    0.999601 -0.00612127
          0           0           0           1
v_world_imu: -0.000799242  -0.00408654  -0.00076234
frame_43
id: 43
stamp: 86.496693100
T_odom_lidar: 
   0.999618  0.00330871  -0.0274504 -0.00608568
-0.00312458    0.999972  0.00674806    0.011125
   0.027472 -0.00665971      0.9996 -0.00624654
          0           0           0           1
T_world_lidar: 
   0.999618  0.00330871  -0.0274504 -0.00608568
-0.00312458    0.999972  0.00674806    0.011125
   0.027472 -0.00665971      0.9996 -0.00624654
          0           0           0           1
v_world_imu: -0.00154891 -0.00086009 -0.00132923
frame_44
id: 44
stamp: 86.596475620
T_odom_lidar: 
   0.999631  0.00307569  -0.0269976 -0.00604929
-0.00289045    0.999972   0.0068979   0.0113375
   0.027018 -0.00681732    0.999612 -0.00625522
          0           0           0           1
T_world_lidar: 
   0.999631  0.00307569  -0.0269976 -0.00604929
-0.00289045    0.999972   0.0068979   0.0113375
   0.027018 -0.00681732    0.999612 -0.00625522
          0           0           0           1
v_world_imu: 0.000318542  0.00074551 -0.00102612
frame_45
id: 45
stamp: 86.696210940
T_odom_lidar: 
   0.999623  0.00319521  -0.0272804 -0.00604832
 -0.0030116    0.999973  0.00676861   0.0112573
  0.0273012  -0.0066839    0.999605 -0.00642014
          0           0           0           1
T_world_lidar: 
   0.999623  0.00319521  -0.0272804 -0.00604832
 -0.0030116    0.999973  0.00676861   0.0112573
  0.0273012  -0.0066839    0.999605 -0.00642014
          0           0           0           1
v_world_imu: -0.00119595 0.000649134 -0.00396368
frame_46
id: 46
stamp: 86.796020820
T_odom_lidar: 
   0.999625  0.00312782  -0.0272096 -0.00611673
-0.00293878    0.999971  0.00698462   0.0111237
  0.0272307 -0.00690204    0.999605 -0.00683965
          0           0           0           1
T_world_lidar: 
   0.999625  0.00312782  -0.0272096 -0.00611673
-0.00293878    0.999971  0.00698462   0.0111237
  0.0272307 -0.00690204    0.999605 -0.00683965
          0           0           0           1
v_world_imu: -0.000157122   -0.0010762  -0.00103127
frame_47
id: 47
stamp: 86.895948050
T_odom_lidar: 
   0.999625  0.00328238  -0.0271918 -0.00606592
-0.00309611    0.999971  0.00688945   0.0109657
  0.0272137 -0.00680268    0.999606 -0.00663891
          0           0           0           1
T_world_lidar: 
   0.999625  0.00328238  -0.0271918 -0.00606592
-0.00309611    0.999971  0.00688945   0.0109657
  0.0272137 -0.00680268    0.999606 -0.00663891
          0           0           0           1
v_world_imu: 0.000453889 0.000925057  0.00231977
frame_48
id: 48
stamp: 86.995925120
T_odom_lidar: 
   0.999622  0.00333802  -0.0273054 -0.00593359
 -0.0031518    0.999972  0.00686028   0.0112589
  0.0273275 -0.00677162    0.999604 -0.00636097
          0           0           0           1
T_world_lidar: 
   0.999622  0.00333802  -0.0273054 -0.00593359
 -0.0031518    0.999972  0.00686028   0.0112589
  0.0273275 -0.00677162    0.999604 -0.00636097
          0           0           0           1
v_world_imu: 0.000725474  0.00420186  0.00106557
frame_49
id: 49
stamp: 87.095911250
T_odom_lidar: 
   0.999626  0.00325221  -0.0271466 -0.00604593
-0.00306662    0.999972  0.00687529   0.0114311
  0.0271681 -0.00678947    0.999608 -0.00637563
          0           0           0           1
T_world_lidar: 
   0.999626  0.00325221  -0.0271466 -0.00604593
-0.00306662    0.999972  0.00687529   0.0114311
  0.0271681 -0.00678947    0.999608 -0.00637563
          0           0           0           1
v_world_imu: -0.00277886  0.00118671 -0.00149287
frame_50
id: 50
stamp: 87.195837330
T_odom_lidar: 
   0.999629  0.00329901  -0.0270387  -0.0064526
-0.00311238    0.999971  0.00694155   0.0116404
  0.0270608 -0.00685482     0.99961 -0.00646077
          0           0           0           1
T_world_lidar: 
   0.999629  0.00329901  -0.0270387  -0.0064526
-0.00311238    0.999971  0.00694155   0.0116404
  0.0270608 -0.00685482     0.99961 -0.00646077
          0           0           0           1
v_world_imu: -0.00151673  0.00354069 -0.00187259
frame_51
id: 51
stamp: 87.295677500
T_odom_lidar: 
    0.99963  0.00327387  -0.0270174 -0.00642127
-0.00308591    0.999971  0.00699551   0.0117638
  0.0270395 -0.00690955     0.99961  -0.0065571
          0           0           0           1
T_world_lidar: 
    0.99963  0.00327387  -0.0270174 -0.00642127
-0.00308591    0.999971  0.00699551   0.0117638
  0.0270395 -0.00690955     0.99961  -0.0065571
          0           0           0           1
v_world_imu: 0.000472396  0.00170399 0.000466305
frame_52
id: 52
stamp: 87.395487660
T_odom_lidar: 
   0.999619  0.00302603  -0.0274463 -0.00638003
-0.00283678    0.999972  0.00693162   0.0119714
  0.0274665 -0.00685112    0.999599 -0.00644376
          0           0           0           1
T_world_lidar: 
   0.999619  0.00302603  -0.0274463 -0.00638003
-0.00283678    0.999972  0.00693162   0.0119714
  0.0274665 -0.00685112    0.999599 -0.00644376
          0           0           0           1
v_world_imu: 0.00249742 0.00470298 0.00103101
frame_53
id: 53
stamp: 87.495396480
T_odom_lidar: 
   0.999631  0.00314697  -0.0269952 -0.00612138
-0.00296277    0.999972  0.00686081   0.0119637
   0.027016  -0.0067783    0.999612 -0.00634137
          0           0           0           1
T_world_lidar: 
   0.999631  0.00314697  -0.0269952 -0.00612138
-0.00296277    0.999972  0.00686081   0.0119637
   0.027016  -0.0067783    0.999612 -0.00634137
          0           0           0           1
v_world_imu:   0.00200221  -0.00217384 -0.000278892
frame_54
id: 54
stamp: 87.595441120
T_odom_lidar: 
   0.999634  0.00328347  -0.0268565 -0.00589197
-0.00309761    0.999971  0.00695902   0.0116618
  0.0268786 -0.00687328    0.999615 -0.00645924
          0           0           0           1
T_world_lidar: 
   0.999634  0.00328347  -0.0268565 -0.00589197
-0.00309761    0.999971  0.00695902   0.0116618
  0.0268786 -0.00687328    0.999615 -0.00645924
          0           0           0           1
v_world_imu: 0.000620803 -0.00160817 -0.00205017
frame_55
id: 55
stamp: 87.695536210
T_odom_lidar: 
   0.999613  0.00311842  -0.0276313 -0.00605629
-0.00292783    0.999972  0.00693552   0.0115186
  0.0276521 -0.00685194    0.999594 -0.00667763
          0           0           0           1
T_world_lidar: 
   0.999613  0.00311842  -0.0276313 -0.00605629
-0.00292783    0.999972  0.00693552   0.0115186
  0.0276521 -0.00685194    0.999594 -0.00667763
          0           0           0           1
v_world_imu: -0.00417557  0.00295852 -0.00141678
frame_56
id: 56
stamp: 87.795694450
T_odom_lidar: 
   0.999613  0.00306044  -0.0276377 -0.00654123
-0.00287288    0.999973  0.00682383   0.0117075
  0.0276578 -0.00674179    0.999595 -0.00687691
          0           0           0           1
T_world_lidar: 
   0.999613  0.00306044  -0.0276377 -0.00654123
-0.00287288    0.999973  0.00682383   0.0117075
  0.0276578 -0.00674179    0.999595 -0.00687691
          0           0           0           1
v_world_imu: -0.00422299  0.00138788 -0.00216514
frame_57
id: 57
stamp: 87.895816100
T_odom_lidar: 
   0.999618   0.0030652  -0.0274656 -0.00669849
-0.00287228    0.999971  0.00706093   0.0115803
  0.0274864 -0.00697934    0.999598 -0.00702802
          0           0           0           1
T_world_lidar: 
   0.999618   0.0030652  -0.0274656 -0.00669849
-0.00287228    0.999971  0.00706093   0.0115803
  0.0274864 -0.00697934    0.999598 -0.00702802
          0           0           0           1
v_world_imu:  0.000885691  -0.00168007 -9.51899e-05
frame_58
id: 58
stamp: 87.995857580
T_odom_lidar: 
   0.999612  0.00311667  -0.0276754 -0.00663104
-0.00292618    0.999972  0.00692053    0.011405
  0.0276962 -0.00683686    0.999593 -0.00685945
          0           0           0           1
T_world_lidar: 
   0.999612  0.00311667  -0.0276754 -0.00663104
-0.00292618    0.999972  0.00692053    0.011405
  0.0276962 -0.00683686    0.999593 -0.00685945
          0           0           0           1
v_world_imu:  0.00096895 0.000723924 0.000701639
frame_59
id: 59
stamp: 88.095856480
T_odom_lidar: 
   0.999619  0.00326243  -0.0274067 -0.00656529
-0.00307322    0.999971  0.00694329   0.0115651
  0.0274286 -0.00685642      0.9996 -0.00667663
          0           0           0           1
T_world_lidar: 
   0.999619  0.00326243  -0.0274067 -0.00656529
-0.00307322    0.999971  0.00694329   0.0115651
  0.0274286 -0.00685642      0.9996 -0.00667663
          0           0           0           1
v_world_imu: 0.000958776  0.00346801   0.0014081
frame_60
id: 60
stamp: 88.195867290
T_odom_lidar: 
   0.999615  0.00307304   -0.027589 -0.00642536
-0.00288238    0.999972  0.00694783   0.0117687
  0.0276096 -0.00686563    0.999595 -0.00655974
          0           0           0           1
T_world_lidar: 
   0.999615  0.00307304   -0.027589 -0.00642536
-0.00288238    0.999972  0.00694783   0.0117687
  0.0276096 -0.00686563    0.999595 -0.00655974
          0           0           0           1
v_world_imu:  0.00160728 0.000260085 0.000330799
frame_61
id: 61
stamp: 88.295853420
T_odom_lidar: 
   0.999621  0.00304919  -0.0273542 -0.00640648
-0.00286392    0.999973  0.00680969   0.0114769
  0.0273742 -0.00672877    0.999603 -0.00654526
          0           0           0           1
T_world_lidar: 
   0.999621  0.00304919  -0.0273542 -0.00640648
-0.00286392    0.999973  0.00680969   0.0114769
  0.0273742 -0.00672877    0.999603 -0.00654526
          0           0           0           1
v_world_imu: -0.00063532  -0.0026293 -0.00106068
frame_62
id: 62
stamp: 88.395860360
T_odom_lidar: 
   0.999625  0.00297421  -0.0272362 -0.00636575
-0.00278757    0.999972  0.00688784   0.0111309
  0.0272559 -0.00680933    0.999605  -0.0065625
          0           0           0           1
T_world_lidar: 
   0.999625  0.00297421  -0.0272362 -0.00636575
-0.00278757    0.999972  0.00688784   0.0111309
  0.0272559 -0.00680933    0.999605  -0.0065625
          0           0           0           1
v_world_imu: -0.000944466  -0.00361292 -0.000254525
frame_63
id: 63
stamp: 88.495895890
T_odom_lidar: 
   0.999612  0.00335275  -0.0276495 -0.00646273
-0.00316318    0.999971  0.00689694   0.0107345
  0.0276718 -0.00680681    0.999594   -0.006482
          0           0           0           1
T_world_lidar: 
   0.999612  0.00335275  -0.0276495 -0.00646273
-0.00316318    0.999971  0.00689694   0.0107345
  0.0276718 -0.00680681    0.999594   -0.006482
          0           0           0           1
v_world_imu: -0.000391112 -4.83282e-05  0.000231807
frame_64
id: 64
stamp: 88.595902170
T_odom_lidar: 
   0.999615  0.00307793  -0.0275738 -0.00641969
-0.00288994    0.999972   0.0068553   0.0109155
  0.0275941 -0.00677297    0.999596 -0.00647398
          0           0           0           1
T_world_lidar: 
   0.999615  0.00307793  -0.0275738 -0.00641969
-0.00288994    0.999972   0.0068553   0.0109155
  0.0275941 -0.00677297    0.999596 -0.00647398
          0           0           0           1
v_world_imu: -0.000488083   0.00468294 -0.000410035
frame_65
id: 65
stamp: 88.695853000
T_odom_lidar: 
    0.99962  0.00321236   -0.027382 -0.00630716
-0.00302873    0.999973  0.00674505   0.0113694
  0.0274029 -0.00665956    0.999602 -0.00647966
          0           0           0           1
T_world_lidar: 
    0.99962  0.00321236   -0.027382 -0.00630716
-0.00302873    0.999973  0.00674505   0.0113694
  0.0274029 -0.00665956    0.999602 -0.00647966
          0           0           0           1
v_world_imu:   0.00170662   0.00326624 -4.83136e-05
frame_66
id: 66
stamp: 88.795766900
T_odom_lidar: 
   0.999618  0.00314235  -0.0274572 -0.00618188
-0.00295543    0.999972  0.00684575   0.0113338
  0.0274779 -0.00676199      0.9996 -0.00638231
          0           0           0           1
T_world_lidar: 
   0.999618  0.00314235  -0.0274572 -0.00618188
-0.00295543    0.999972  0.00684575   0.0113338
  0.0274779 -0.00676199      0.9996 -0.00638231
          0           0           0           1
v_world_imu: -0.00178202  0.00142959 -0.00141559
frame_67
id: 67
stamp: 88.895730110
T_odom_lidar: 
   0.999627  0.00314678  -0.0271117 -0.00660356
-0.00295708    0.999971  0.00703409   0.0115405
   0.027133  -0.0069513    0.999608 -0.00662208
          0           0           0           1
T_world_lidar: 
   0.999627  0.00314678  -0.0271117 -0.00660356
-0.00295708    0.999971  0.00703409   0.0115405
   0.027133  -0.0069513    0.999608 -0.00662208
          0           0           0           1
v_world_imu: -0.00421781 0.000815552 -0.00170329
frame_68
id: 68
stamp: 88.995648970
T_odom_lidar: 
   0.999621  0.00302051  -0.0273769 -0.00672834
-0.00283135    0.999972  0.00694557    0.011421
  0.0273971 -0.00686542    0.999601 -0.00664023
          0           0           0           1
T_world_lidar: 
   0.999621  0.00302051  -0.0273769 -0.00672834
-0.00283135    0.999972  0.00694557    0.011421
  0.0273971 -0.00686542    0.999601 -0.00664023
          0           0           0           1
v_world_imu: 0.00305879  0.0019799 0.00107666
frame_69
id: 69
stamp: 89.095572270
T_odom_lidar: 
   0.999622  0.00316517  -0.0273238 -0.00635026
-0.00297867    0.999972  0.00686337   0.0114396
  0.0273447 -0.00677938    0.999603 -0.00638209
          0           0           0           1
T_world_lidar: 
   0.999622  0.00316517  -0.0273238 -0.00635026
-0.00297867    0.999972  0.00686337   0.0114396
  0.0273447 -0.00677938    0.999603 -0.00638209
          0           0           0           1
v_world_imu: 0.000559178 7.03605e-05  0.00337489
frame_70
id: 70
stamp: 89.195557160
T_odom_lidar: 
   0.999633  0.00317455   -0.026896 -0.00643105
-0.00299301    0.999972  0.00678749   0.0114368
  0.0269168  -0.0067045    0.999615 -0.00626938
          0           0           0           1
T_world_lidar: 
   0.999633  0.00317455   -0.026896 -0.00643105
-0.00299301    0.999972  0.00678749   0.0114368
  0.0269168  -0.0067045    0.999615 -0.00626938
          0           0           0           1
v_world_imu:  0.00242865  0.00227853 8.82629e-05
frame_71
id: 71
stamp: 89.295495030
T_odom_lidar: 
   0.999623  0.00326205   -0.027278 -0.00610888
-0.00307325    0.999971  0.00696007    0.011512
  0.0272999 -0.00687361    0.999604 -0.00636378
          0           0           0           1
T_world_lidar: 
   0.999623  0.00326205   -0.027278 -0.00610888
-0.00307325    0.999971  0.00696007    0.011512
  0.0272999 -0.00687361    0.999604 -0.00636378
          0           0           0           1
v_world_imu: 0.00280504 0.00186844 -0.0021941
frame_72
id: 72
stamp: 89.395437170
T_odom_lidar: 
   0.999611  0.00318009  -0.0277071 -0.00589157
-0.00299182    0.999972  0.00683379   0.0113398
   0.027728 -0.00674824    0.999593 -0.00660331
          0           0           0           1
T_world_lidar: 
   0.999611  0.00318009  -0.0277071 -0.00589157
-0.00299182    0.999972  0.00683379   0.0113398
   0.027728 -0.00674824    0.999593 -0.00660331
          0           0           0           1
v_world_imu:   0.00305644 -0.000861087  -0.00108863
frame_73
id: 73
stamp: 89.495500740
T_odom_lidar: 
   0.999614  0.00317791  -0.0275857 -0.00591324
-0.00299408    0.999973  0.00670294   0.0111113
  0.0276063 -0.00661776    0.999597 -0.00667546
          0           0           0           1
T_world_lidar: 
   0.999614  0.00317791  -0.0275857 -0.00591324
-0.00299408    0.999973  0.00670294   0.0111113
  0.0276063 -0.00661776    0.999597 -0.00667546
          0           0           0           1
v_world_imu:  -0.00298715  -0.00102557 -0.000130431
frame_74
id: 74
stamp: 89.595681190
T_odom_lidar: 
    0.99962  0.00309161  -0.0273774 -0.00620971
-0.00290413    0.999972  0.00688529   0.0110209
  0.0273979 -0.00680317    0.999601 -0.00660653
          0           0           0           1
T_world_lidar: 
    0.99962  0.00309161  -0.0273774 -0.00620971
-0.00290413    0.999972  0.00688529   0.0110209
  0.0273979 -0.00680317    0.999601 -0.00660653
          0           0           0           1
v_world_imu: 0.000156081  0.00296727 0.000180037
frame_75
id: 75
stamp: 89.695924630
T_odom_lidar: 
   0.999616   0.0032117  -0.0275081 -0.00591591
-0.00302017    0.999971  0.00700139   0.0113434
  0.0275298 -0.00691562    0.999597 -0.00663329
          0           0           0           1
T_world_lidar: 
   0.999616   0.0032117  -0.0275081 -0.00591591
-0.00302017    0.999971  0.00700139   0.0113434
  0.0275298 -0.00691562    0.999597 -0.00663329
          0           0           0           1
v_world_imu: -5.68604e-05   0.00666826 -0.000970304
frame_76
id: 76
stamp: 89.796040540
T_odom_lidar: 
   0.999627  0.00318772  -0.0271273  -0.0062401
-0.00300027    0.999971  0.00694792   0.0115786
  0.0271486 -0.00686393    0.999608 -0.00660819
          0           0           0           1
T_world_lidar: 
   0.999627  0.00318772  -0.0271273  -0.0062401
-0.00300027    0.999971  0.00694792   0.0115786
  0.0271486 -0.00686393    0.999608 -0.00660819
          0           0           0           1
v_world_imu: -0.00244901   0.0013203 0.000993305
frame_77
id: 77
stamp: 89.896073970
T_odom_lidar: 
   0.999618  0.00309349  -0.0274683  -0.0061403
-0.00290815    0.999973   0.0067848   0.0116078
  0.0274885 -0.00670233      0.9996 -0.00651827
          0           0           0           1
T_world_lidar: 
   0.999618  0.00309349  -0.0274683  -0.0061403
-0.00290815    0.999973   0.0067848   0.0116078
  0.0274885 -0.00670233      0.9996 -0.00651827
          0           0           0           1
v_world_imu: 0.00227635 0.00234304  0.0015612
frame_78
id: 78
stamp: 89.996083860
T_odom_lidar: 
