id: 0
T_world_origin: 
  0.228439   0.973118 -0.0292624 -0.0151016
 -0.973384   0.228864  0.0120443   -4.08192
 0.0184176  0.0257322   0.999499  0.0154628
         0          0          0          1
T_origin_endpoint_L: 
  0.230387  -0.973067 0.00792429   -3.97138
  0.973085    0.23042 0.00346706   0.948474
-0.0051996 0.00691224   0.999963   0.018954
         0          0          0          1
T_origin_endpoint_R: 
 0.0111699  -0.999905  0.0080454   -3.63225
  0.999929  0.0112037 0.00416216    3.02065
-0.0042519 0.00799834   0.999959 0.00663298
         0          0          0          1
T_lidar_imu: 
     1      0      0  0.006
     0      1      0 -0.012
     0      0      1  0.008
     0      0      0      1
imu_bias:   0.0109568   -0.012809  -0.0310029 -0.00255654 -0.00293934 -0.00403766
frame_id: 2
num_frames: 3901
frame_0
id: 0
stamp: 3012.873746680
T_odom_lidar: 
   0.999709  0.00173656  -0.0240773 -0.00568209
-0.00161363    0.999986  0.00512395   0.0130239
  0.0240858 -0.00508361    0.999697  -0.0225328
          0           0           0           1
T_world_lidar: 
   0.999709  0.00173656  -0.0240773 -0.00568209
-0.00161363    0.999986  0.00512395   0.0130239
  0.0240858 -0.00508361    0.999697  -0.0225328
          0           0           0           1
v_world_imu: 0.00680218 0.00256784  0.0310819
frame_1
id: 1
stamp: 3012.973720340
T_odom_lidar: 
   0.999707  0.00174688  -0.0241527 -0.00527574
-0.00164246    0.999989  0.00434269   0.0131834
    0.02416 -0.00430175    0.999699  -0.0206542
          0           0           0           1
T_world_lidar: 
   0.999707  0.00174688  -0.0241527 -0.00527574
-0.00164246    0.999989  0.00434269   0.0131834
    0.02416 -0.00430175    0.999699  -0.0206542
          0           0           0           1
v_world_imu: 0.00121229  0.0001352 0.00278721
frame_2
id: 2
stamp: 3013.073698840
T_odom_lidar: 
   0.999711  0.00159678  -0.0239749 -0.00529863
-0.00147577    0.999986  0.00506417   0.0130884
  0.0239827 -0.00502733      0.9997  -0.0216024
          0           0           0           1
T_world_lidar: 
   0.999711  0.00159678  -0.0239749 -0.00529863
-0.00147577    0.999986  0.00506417   0.0130884
  0.0239827 -0.00502733      0.9997  -0.0216024
          0           0           0           1
v_world_imu:   0.00169927 -0.000600947  -0.00542391
frame_3
id: 3
stamp: 3013.173688080
T_odom_lidar: 
   0.999701  0.00162647  -0.0243865 -0.00509388
-0.00150974    0.999987  0.00480427   0.0131656
   0.024394 -0.00476601    0.999691  -0.0217469
          0           0           0           1
T_world_lidar: 
   0.999701  0.00162647  -0.0243865 -0.00509388
-0.00150974    0.999987  0.00480427   0.0131656
   0.024394 -0.00476601    0.999691  -0.0217469
          0           0           0           1
v_world_imu: 0.000254065 0.000671566  0.00082723
frame_4
id: 4
stamp: 3013.273694280
T_odom_lidar: 
   0.999708   0.0015115  -0.0240982 -0.00516395
-0.00139194    0.999987  0.00497714   0.0130602
  0.0241054 -0.00494214    0.999697  -0.0216233
          0           0           0           1
T_world_lidar: 
   0.999708   0.0015115  -0.0240982 -0.00516395
-0.00139194    0.999987  0.00497714   0.0130602
  0.0241054 -0.00494214    0.999697  -0.0216233
          0           0           0           1
v_world_imu: 0.000835291  -0.0022223   0.0025968
frame_5
id: 5
stamp: 3013.373685200
T_odom_lidar: 
   0.999705  0.00166909  -0.0242253 -0.00506039
 -0.0015536    0.999987  0.00478539   0.0130002
   0.024233 -0.00474634    0.999695  -0.0214163
          0           0           0           1
T_world_lidar: 
   0.999705  0.00166909  -0.0242253 -0.00506039
 -0.0015536    0.999987  0.00478539   0.0130002
   0.024233 -0.00474634    0.999695  -0.0214163
          0           0           0           1
v_world_imu:     0.00178 0.000809966 0.000712858
frame_6
id: 6
stamp: 3013.473685660
T_odom_lidar: 
   0.999711  0.00161715  -0.0239675 -0.00503353
-0.00150318    0.999987  0.00477238   0.0131013
   0.023975 -0.00473497    0.999701  -0.0215689
          0           0           0           1
T_world_lidar: 
   0.999711  0.00161715  -0.0239675 -0.00503353
-0.00150318    0.999987  0.00477238   0.0131013
   0.023975 -0.00473497    0.999701  -0.0215689
          0           0           0           1
v_world_imu:  0.000889559 -0.000793967   0.00175313
frame_7
id: 7
stamp: 3013.573664660
T_odom_lidar: 
   0.999709  0.00176045   -0.024063 -0.00500056
-0.00164105    0.999986  0.00498066   0.0127655
  0.0240714 -0.00493972    0.999698  -0.0213279
          0           0           0           1
T_world_lidar: 
   0.999709  0.00176045   -0.024063 -0.00500056
-0.00164105    0.999986  0.00498066   0.0127655
  0.0240714 -0.00493972    0.999698  -0.0213279
          0           0           0           1
v_world_imu: -0.00028573 -0.00262539  0.00350482
frame_8
id: 8
stamp: 3013.673626350
T_odom_lidar: 
   0.999706  0.00181327  -0.0241709 -0.00519223
-0.00169806    0.999987  0.00478623   0.0127592
  0.0241792 -0.00474378    0.999696  -0.0210871
          0           0           0           1
T_world_lidar: 
   0.999706  0.00181327  -0.0241709 -0.00519223
-0.00169806    0.999987  0.00478623   0.0127592
  0.0241792 -0.00474378    0.999696  -0.0210871
          0           0           0           1
v_world_imu: -0.00215639  0.00385988  0.00192591
frame_9
id: 9
stamp: 3013.773559620
T_odom_lidar: 
   0.999713  0.00152959  -0.0239016 -0.00552162
-0.00141276    0.999987  0.00490383   0.0131886
  0.0239088 -0.00486865    0.999702  -0.0210191
          0           0           0           1
T_world_lidar: 
   0.999713  0.00152959  -0.0239016 -0.00552162
-0.00141276    0.999987  0.00490383   0.0131886
  0.0239088 -0.00486865    0.999702  -0.0210191
          0           0           0           1
v_world_imu: -0.00275551  0.00112873  0.00302032
frame_10
id: 10
stamp: 3013.873480330
T_odom_lidar: 
   0.999703   0.0015932   -0.024316  -0.0057193
-0.00148056    0.999988  0.00464942   0.0131305
  0.0243231 -0.00461204    0.999694  -0.0209192
          0           0           0           1
T_world_lidar: 
   0.999703   0.0015932   -0.024316  -0.0057193
-0.00148056    0.999988  0.00464942   0.0131305
  0.0243231 -0.00461204    0.999694  -0.0209192
          0           0           0           1
v_world_imu:  -0.00203951 -0.000818691  0.000586186
frame_11
id: 11
stamp: 3013.973407440
T_odom_lidar: 
   0.999707  0.00156656  -0.0241699 -0.00588942
-0.00145308    0.999988  0.00471195   0.0130655
   0.024177 -0.00467545    0.999697  -0.0209977
          0           0           0           1
T_world_lidar: 
   0.999707  0.00156656  -0.0241699 -0.00588942
-0.00145308    0.999988  0.00471195   0.0130655
   0.024177 -0.00467545    0.999697  -0.0209977
          0           0           0           1
v_world_imu:   0.00136663   0.00100419 -0.000384634
frame_12
id: 12
stamp: 3014.073334260
T_odom_lidar: 
   0.999703  0.00178132   -0.024306  -0.0056171
-0.00166983    0.999988  0.00460644     0.01319
   0.024314 -0.00456448    0.999694   -0.020967
          0           0           0           1
T_world_lidar: 
   0.999703  0.00178132   -0.024306  -0.0056171
-0.00166983    0.999988  0.00460644     0.01319
   0.024314 -0.00456448    0.999694   -0.020967
          0           0           0           1
v_world_imu:  0.00221827 0.000508267  0.00267116
frame_13
id: 13
stamp: 3014.373233010
T_odom_lidar: 
   0.999709     0.00176  -0.0240471 -0.00573808
 -0.0016525    0.999989  0.00448976   0.0130567
  0.0240547 -0.00444872    0.999701   -0.019722
          0           0           0           1
T_world_lidar: 
   0.999709     0.00176  -0.0240471 -0.00573808
 -0.0016525    0.999989  0.00448976   0.0130567
  0.0240547 -0.00444872    0.999701   -0.019722
          0           0           0           1
v_world_imu: -0.00134272 -0.00180728  0.00282984
frame_14
id: 14
stamp: 3014.673091920
T_odom_lidar: 
   0.999711  0.00170001  -0.0239967 -0.00570517
-0.00158674    0.999988  0.00473874   0.0128287
  0.0240045 -0.00469929    0.999701  -0.0199147
          0           0           0           1
T_world_lidar: 
   0.999711  0.00170001  -0.0239967 -0.00570517
-0.00158674    0.999988  0.00473874   0.0128287
  0.0240045 -0.00469929    0.999701  -0.0199147
          0           0           0           1
v_world_imu: 0.000313687   0.0027745  6.2318e-05
frame_15
id: 15
stamp: 3015.073211450
T_odom_lidar: 
   0.999703   0.0018916  -0.0242827 -0.00532023
-0.00178347    0.999988  0.00447375   0.0127299
  0.0242909 -0.00442911    0.999695  -0.0197068
          0           0           0           1
T_world_lidar: 
   0.999703   0.0018916  -0.0242827 -0.00532023
-0.00178347    0.999988  0.00447375   0.0127299
  0.0242909 -0.00442911    0.999695  -0.0197068
          0           0           0           1
v_world_imu:  0.00179042 -0.00268041 -0.00380856
frame_16
id: 16
stamp: 3015.173176960
T_odom_lidar: 
   0.999712  0.00158963  -0.0239495 -0.00534657
-0.00147347    0.999987  0.00486727   0.0125818
  0.0239569 -0.00483058    0.999701  -0.0203518
          0           0           0           1
T_world_lidar: 
   0.999712  0.00158963  -0.0239495 -0.00534657
-0.00147347    0.999987  0.00486727   0.0125818
  0.0239569 -0.00483058    0.999701  -0.0203518
          0           0           0           1
v_world_imu: -0.000592049   0.00176934  -0.00527699
frame_17
id: 17
stamp: 3015.273111400
T_odom_lidar: 
   0.999709  0.00133236  -0.0240793 -0.00531487
-0.00122311    0.999989  0.00455121   0.0129568
   0.024085 -0.00452043      0.9997  -0.0206308
          0           0           0           1
T_world_lidar: 
   0.999709  0.00133236  -0.0240793 -0.00531487
-0.00122311    0.999989  0.00455121   0.0129568
   0.024085 -0.00452043      0.9997  -0.0206308
          0           0           0           1
v_world_imu:  -0.00150195  0.000523865 -0.000956925
frame_18
id: 18
stamp: 3015.373027140
T_odom_lidar: 
   0.999712  0.00160746  -0.0239533 -0.00559712
-0.00149445    0.999988  0.00473539   0.0125966
  0.0239606 -0.00469823    0.999702  -0.0205531
          0           0           0           1
T_world_lidar: 
   0.999712  0.00160746  -0.0239533 -0.00559712
-0.00149445    0.999988  0.00473539   0.0125966
  0.0239606 -0.00469823    0.999702  -0.0205531
          0           0           0           1
v_world_imu:  -0.0019886 -0.00171312 0.000309912
frame_19
id: 19
stamp: 3015.472980400
T_odom_lidar: 
   0.999707  0.00167814  -0.0241407 -0.00545172
-0.00156477    0.999988  0.00471424   0.0129551
  0.0241483 -0.00467509    0.999697  -0.0205729
          0           0           0           1
T_world_lidar: 
   0.999707  0.00167814  -0.0241407 -0.00545172
-0.00156477    0.999988  0.00471424   0.0129551
  0.0241483 -0.00467509    0.999697  -0.0205729
          0           0           0           1
v_world_imu:  0.0030184 0.00339747 0.00158798
frame_20
id: 20
stamp: 3015.572962630
T_odom_lidar: 
   0.999711  0.00172855  -0.0239948 -0.00534701
-0.00161636    0.999988  0.00469386   0.0131216
  0.0240026 -0.00465371    0.999701  -0.0205002
          0           0           0           1
T_world_lidar: 
   0.999711  0.00172855  -0.0239948 -0.00534701
-0.00161636    0.999988  0.00469386   0.0131216
  0.0240026 -0.00465371    0.999701  -0.0205002
          0           0           0           1
v_world_imu:   -0.0020305  0.000374684 -4.33548e-05
frame_21
id: 21
stamp: 3015.672975310
T_odom_lidar: 
   0.999706   0.0014774  -0.0242174 -0.00560835
-0.00136586    0.999988  0.00462177   0.0132338
   0.024224 -0.00458733    0.999696  -0.0206023
          0           0           0           1
T_world_lidar: 
   0.999706   0.0014774  -0.0242174 -0.00560835
-0.00136586    0.999988  0.00462177   0.0132338
   0.024224 -0.00458733    0.999696  -0.0206023
          0           0           0           1
v_world_imu: -0.00185989 0.000831918 -0.00114821
frame_22
id: 22
stamp: 3015.772997220
T_odom_lidar: 
   0.999709  0.00165538  -0.0240516 -0.00577925
-0.00154133    0.999987  0.00475979     0.01299
  0.0240591 -0.00472133    0.999699  -0.0206637
          0           0           0           1
T_world_lidar: 
   0.999709  0.00165538  -0.0240516 -0.00577925
-0.00154133    0.999987  0.00475979     0.01299
  0.0240591 -0.00472133    0.999699  -0.0206637
          0           0           0           1
v_world_imu: -1.11298e-05   -0.0038802 -0.000550731
frame_23
id: 23
stamp: 3015.872983510
T_odom_lidar: 
    0.99971  0.00179932  -0.0240029 -0.00568314
-0.00168139    0.999986   0.0049325   0.0128956
  0.0240115 -0.00489071      0.9997  -0.0207449
          0           0           0           1
T_world_lidar: 
    0.99971  0.00179932  -0.0240029 -0.00568314
-0.00168139    0.999986   0.0049325   0.0128956
  0.0240115 -0.00489071      0.9997  -0.0207449
          0           0           0           1
v_world_imu: -0.00224722  0.00148095 -0.00118739
frame_24
id: 24
stamp: 3015.972946510
T_odom_lidar: 
   0.999714  0.00145624  -0.0238791 -0.00591502
 -0.0013433    0.999988  0.00474513   0.0129846
  0.0238857 -0.00471169    0.999704  -0.0206296
          0           0           0           1
T_world_lidar: 
   0.999714  0.00145624  -0.0238791 -0.00591502
 -0.0013433    0.999988  0.00474513   0.0129846
  0.0238857 -0.00471169    0.999704  -0.0206296
          0           0           0           1
v_world_imu: -0.00185202 -0.00106441  0.00128699
frame_25
id: 25
stamp: 3016.072878990
T_odom_lidar: 
   0.999713  0.00150723  -0.0239183 -0.00606975
-0.00139608    0.999988  0.00466324   0.0128009
   0.023925 -0.00462851    0.999703  -0.0204977
          0           0           0           1
T_world_lidar: 
   0.999713  0.00150723  -0.0239183 -0.00606975
-0.00139608    0.999988  0.00466324   0.0128009
   0.023925 -0.00462851    0.999703  -0.0204977
          0           0           0           1
v_world_imu:  -0.00205598  0.000654077 -0.000341465
frame_26
id: 26
stamp: 3016.172852230
T_odom_lidar: 
   0.999723  0.00186489   -0.023451 -0.00627516
-0.00175402    0.999987  0.00474743   0.0130502
  0.0234595 -0.00470498    0.999714  -0.0204278
          0           0           0           1
T_world_lidar: 
   0.999723  0.00186489   -0.023451 -0.00627516
-0.00175402    0.999987  0.00474743   0.0130502
  0.0234595 -0.00470498    0.999714  -0.0204278
          0           0           0           1
v_world_imu: -0.000444024   0.00146756   0.00231866
frame_27
id: 27
stamp: 3016.272859740
T_odom_lidar: 
   0.999721  0.00167568  -0.0235698 -0.00612752
 -0.0015618    0.999987  0.00484912    0.012907
  0.0235776 -0.00481096     0.99971  -0.0205328
          0           0           0           1
T_world_lidar: 
   0.999721  0.00167568  -0.0235698 -0.00612752
 -0.0015618    0.999987  0.00484912    0.012907
  0.0235776 -0.00481096     0.99971  -0.0205328
          0           0           0           1
v_world_imu:   0.00174381 -0.000667132  -0.00528879
frame_28
id: 28
stamp: 3016.372909410
T_odom_lidar: 
   0.999707  0.00172355  -0.0241649 -0.00602645
-0.00161194    0.999988  0.00463719   0.0129982
  0.0241726 -0.00459687    0.999697  -0.0209685
          0           0           0           1
T_world_lidar: 
   0.999707  0.00172355  -0.0241649 -0.00602645
-0.00161194    0.999988  0.00463719   0.0129982
  0.0241726 -0.00459687    0.999697  -0.0209685
          0           0           0           1
v_world_imu: -0.000697833  0.000231585  -0.00291745
frame_29
id: 29
stamp: 3016.472994020
T_odom_lidar: 
    0.99971  0.00178952   -0.024009 -0.00587756
-0.00167406    0.999987  0.00482847   0.0130844
  0.0240174 -0.00478688      0.9997   -0.021057
          0           0           0           1
T_world_lidar: 
    0.99971  0.00178952   -0.024009 -0.00587756
-0.00167406    0.999987  0.00482847   0.0130844
  0.0240174 -0.00478688      0.9997   -0.021057
          0           0           0           1
v_world_imu:    0.0040647 -0.000749021  -0.00163175
frame_30
id: 30
stamp: 3016.573065500
T_odom_lidar: 
   0.999708  0.00165808  -0.0240922 -0.00553307
-0.00154346    0.999987  0.00477508   0.0131622
  0.0240999  -0.0047365    0.999698  -0.0214912
          0           0           0           1
T_world_lidar: 
   0.999708  0.00165808  -0.0240922 -0.00553307
-0.00154346    0.999987  0.00477508   0.0131622
  0.0240999  -0.0047365    0.999698  -0.0214912
          0           0           0           1
v_world_imu: 0.000218233  0.00134842 -0.00342027
frame_31
id: 31
stamp: 3016.673142360
T_odom_lidar: 
   0.999707  0.00179819  -0.0241274 -0.00559075
-0.00168233    0.999987  0.00482145   0.0132507
  0.0241358 -0.00477945    0.999697  -0.0213566
          0           0           0           1
T_world_lidar: 
   0.999707  0.00179819  -0.0241274 -0.00559075
-0.00168233    0.999987  0.00482145   0.0132507
  0.0241358 -0.00477945    0.999697  -0.0213566
          0           0           0           1
v_world_imu:  0.00121997 -0.00302233  0.00452015
frame_32
id: 32
stamp: 3016.773211070
T_odom_lidar: 
   0.999703  0.00154331  -0.0243396 -0.00544699
-0.00142746    0.999988  0.00477649   0.0130522
  0.0243467 -0.00474032    0.999692   -0.021117
          0           0           0           1
T_world_lidar: 
   0.999703  0.00154331  -0.0243396 -0.00544699
-0.00142746    0.999988  0.00477649   0.0130522
  0.0243467 -0.00474032    0.999692   -0.021117
          0           0           0           1
v_world_imu: 0.00146579 0.00135883 0.00205811
frame_33
id: 33
stamp: 3016.873311670
T_odom_lidar: 
   0.999702  0.00160679  -0.0243526 -0.00549314
-0.00149428    0.999988  0.00463749    0.013073
  0.0243598 -0.00459972    0.999693  -0.0211585
          0           0           0           1
T_world_lidar: 
   0.999702  0.00160679  -0.0243526 -0.00549314
-0.00149428    0.999988  0.00463749    0.013073
  0.0243598 -0.00459972    0.999693  -0.0211585
          0           0           0           1
v_world_imu: -0.00292891 -0.00405446 0.000461207
frame_34
id: 34
stamp: 3016.973457900
T_odom_lidar: 
     0.9997  0.00154445  -0.0244464 -0.00546133
-0.00143319    0.999989    0.004568   0.0126076
  0.0244532 -0.00453159    0.999691  -0.0211523
          0           0           0           1
T_world_lidar: 
     0.9997  0.00154445  -0.0244464 -0.00546133
-0.00143319    0.999989    0.004568   0.0126076
  0.0244532 -0.00453159    0.999691  -0.0211523
          0           0           0           1
v_world_imu:   0.00617137  -0.00159019 -0.000979301
frame_35
id: 35
stamp: 3017.073587680
T_odom_lidar: 
    0.99971   0.0015534  -0.0240457  -0.0051369
-0.00143613    0.999987  0.00489351   0.0127717
   0.024053 -0.00485756    0.999699  -0.0212281
          0           0           0           1
T_world_lidar: 
    0.99971   0.0015534  -0.0240457  -0.0051369
-0.00143613    0.999987  0.00489351   0.0127717
   0.024053 -0.00485756    0.999699  -0.0212281
          0           0           0           1
v_world_imu: -0.0018334  0.0039074 0.00286306
frame_36
id: 36
stamp: 3017.173660470
T_odom_lidar: 
   0.999707  0.00172711  -0.0241539 -0.00556367
-0.00161319    0.999987  0.00473504   0.0129736
  0.0241618 -0.00469468    0.999697  -0.0208914
          0           0           0           1
T_world_lidar: 
   0.999707  0.00172711  -0.0241539 -0.00556367
-0.00161319    0.999987  0.00473504   0.0129736
  0.0241618 -0.00469468    0.999697  -0.0208914
          0           0           0           1
v_world_imu: -0.00480971 -0.00255338  0.00293366
frame_37
id: 37
stamp: 3017.273668090
T_odom_lidar: 
   0.999709  0.00171755  -0.0240497 -0.00572513
-0.00160617    0.999988  0.00464977   0.0126957
  0.0240574 -0.00460979      0.9997  -0.0210608
          0           0           0           1
T_world_lidar: 
   0.999709  0.00171755  -0.0240497 -0.00572513
-0.00160617    0.999988  0.00464977   0.0126957
  0.0240574 -0.00460979      0.9997  -0.0210608
          0           0           0           1
v_world_imu:  0.00653021 0.000371455 -0.00262418
frame_38
id: 38
stamp: 3017.373563370
T_odom_lidar: 
   0.999715  0.00214323  -0.0237817 -0.00492588
-0.00202549    0.999986  0.00497401   0.0128676
   0.023792 -0.00492442    0.999705  -0.0212168
          0           0           0           1
T_world_lidar: 
   0.999715  0.00214323  -0.0237817 -0.00492588
-0.00202549    0.999986  0.00497401   0.0128676
   0.023792 -0.00492442    0.999705  -0.0212168
          0           0           0           1
v_world_imu: 0.00388629 0.00187879 0.00443839
frame_39
id: 39
stamp: 3017.473365300
T_odom_lidar: 
   0.999718   0.0020024  -0.0236792 -0.00538272
 -0.0018857    0.999986  0.00494979   0.0131726
  0.0236888 -0.00490374    0.999707  -0.0209228
          0           0           0           1
T_world_lidar: 
   0.999718   0.0020024  -0.0236792 -0.00538272
 -0.0018857    0.999986  0.00494979   0.0131726
  0.0236888 -0.00490374    0.999707  -0.0209228
          0           0           0           1
v_world_imu:  -0.0105468  0.00287665 0.000316895
frame_40
id: 40
stamp: 3017.573150670
T_odom_lidar: 
   0.999705  0.00175216    -0.02423  -0.0062273
-0.00164038    0.999988  0.00463244   0.0133334
  0.0242378 -0.00459133    0.999696  -0.0210364
          0           0           0           1
T_world_lidar: 
   0.999705  0.00175216    -0.02423  -0.0062273
-0.00164038    0.999988  0.00463244   0.0133334
  0.0242378 -0.00459133    0.999696  -0.0210364
          0           0           0           1
v_world_imu: -0.00169054 0.000835716 0.000502413
frame_41
id: 41
stamp: 3017.672957590
T_odom_lidar: 
   0.999713  0.00188084   -0.023884 -0.00601409
-0.00176777    0.999987  0.00475433   0.0133393
  0.0238927 -0.00471074    0.999703  -0.0211685
          0           0           0           1
T_world_lidar: 
   0.999713  0.00188084   -0.023884 -0.00601409
-0.00176777    0.999987  0.00475433   0.0133393
  0.0238927 -0.00471074    0.999703  -0.0211685
          0           0           0           1
v_world_imu:  0.00303882 -0.00196491 -0.00108753
frame_42
id: 42
stamp: 3017.772782890
T_odom_lidar: 
   0.999715  0.00184732   -0.023795 -0.00575915
-0.00173083    0.999986  0.00491519   0.0132047
  0.0238038 -0.00487261    0.999705  -0.0210536
          0           0           0           1
T_world_lidar: 
   0.999715  0.00184732   -0.023795 -0.00575915
-0.00173083    0.999986  0.00491519   0.0132047
  0.0238038 -0.00487261    0.999705  -0.0210536
          0           0           0           1
v_world_imu: 9.42916e-05 0.000434775  0.00380314
frame_43
id: 43
stamp: 3017.872649800
T_odom_lidar: 
   0.999712  0.00189446  -0.0239256 -0.00577671
-0.00177809    0.999986  0.00488451    0.013314
  0.0239345 -0.00484057    0.999702  -0.0206946
          0           0           0           1
T_world_lidar: 
   0.999712  0.00189446  -0.0239256 -0.00577671
-0.00177809    0.999986  0.00488451    0.013314
  0.0239345 -0.00484057    0.999702  -0.0206946
          0           0           0           1
v_world_imu: -0.000672888  0.000176528   0.00157785
frame_44
id: 44
stamp: 3017.972560800
T_odom_lidar: 
   0.999708  0.00203441  -0.0240579 -0.00586161
-0.00191954    0.999987  0.00479719   0.0133423
  0.0240674 -0.00474961    0.999699  -0.0206052
          0           0           0           1
T_world_lidar: 
   0.999708  0.00203441  -0.0240579 -0.00586161
-0.00191954    0.999987  0.00479719   0.0133423
  0.0240674 -0.00474961    0.999699  -0.0206052
          0           0           0           1
v_world_imu: -0.00108499 -0.00122664  0.00156085
frame_45
id: 45
stamp: 3018.072480580
T_odom_lidar: 
   0.999704  0.00204264  -0.0242601 -0.00573563
-0.00193104    0.999987  0.00462301   0.0128528
  0.0242692 -0.00457479    0.999695  -0.0202401
          0           0           0           1
T_world_lidar: 
   0.999704  0.00204264  -0.0242601 -0.00573563
-0.00193104    0.999987  0.00462301   0.0128528
  0.0242692 -0.00457479    0.999695  -0.0202401
          0           0           0           1
v_world_imu:  0.00102393 -0.00340622 -0.00180088
frame_46
id: 46
stamp: 3018.172417820
T_odom_lidar: 
   0.999705  0.00178766  -0.0242414 -0.00563919
-0.00166876    0.999986  0.00492395   0.0126902
  0.0242499 -0.00488204    0.999694  -0.0206773
          0           0           0           1
T_world_lidar: 
   0.999705  0.00178766  -0.0242414 -0.00563919
-0.00166876    0.999986  0.00492395   0.0126902
  0.0242499 -0.00488204    0.999694  -0.0206773
          0           0           0           1
v_world_imu:  0.00102655 -0.00318147 -0.00377386
frame_47
id: 47
stamp: 3018.272384780
T_odom_lidar: 
   0.999712  0.00172186  -0.0239522 -0.00557251
 -0.0016084    0.999987  0.00475554   0.0123942
  0.0239601 -0.00471565    0.999702  -0.0208108
          0           0           0           1
T_world_lidar: 
   0.999712  0.00172186  -0.0239522 -0.00557251
 -0.0016084    0.999987  0.00475554   0.0123942
  0.0239601 -0.00471565    0.999702  -0.0208108
          0           0           0           1
v_world_imu:  -0.0022086 -0.00358899 -0.00284972
frame_48
id: 48
stamp: 3018.372396840
T_odom_lidar: 
    0.99971  0.00207998  -0.0239731  -0.0056823
-0.00196262    0.999986   0.0049178   0.0121642
   0.023983 -0.00486932    0.999701  -0.0211154
          0           0           0           1
T_world_lidar: 
    0.99971  0.00207998  -0.0239731  -0.0056823
-0.00196262    0.999986   0.0049178   0.0121642
   0.023983 -0.00486932    0.999701  -0.0211154
          0           0           0           1
v_world_imu:  0.00175478  0.00167979 -0.00309506
frame_49
id: 49
stamp: 3018.472444580
T_odom_lidar: 
   0.999703  0.00206911  -0.0242698 -0.00559647
-0.00195511    0.999987  0.00472016   0.0127412
  0.0242793 -0.00467131    0.999694  -0.0210562
          0           0           0           1
T_world_lidar: 
   0.999703  0.00206911  -0.0242698 -0.00559647
-0.00195511    0.999987  0.00472016   0.0127412
  0.0242793 -0.00467131    0.999694  -0.0210562
          0           0           0           1
v_world_imu: -0.00269359  0.00531042 0.000734465
frame_50
id: 50
stamp: 3018.572484860
T_odom_lidar: 
   0.999711  0.00206107  -0.0239665  -0.0059581
-0.00194731    0.999987  0.00476896   0.0130647
   0.023976 -0.00472091    0.999701  -0.0210077
          0           0           0           1
T_world_lidar: 
   0.999711  0.00206107  -0.0239665  -0.0059581
-0.00194731    0.999987  0.00476896   0.0130647
   0.023976 -0.00472091    0.999701  -0.0210077
          0           0           0           1
v_world_imu: -0.00231488  0.00291846  0.00098496
frame_51
id: 51
stamp: 3018.672526310
T_odom_lidar: 
   0.999707  0.00199461  -0.0241287 -0.00579253
-0.00188176    0.999987  0.00469898    0.013301
  0.0241378  -0.0046522    0.999698   -0.020848
          0           0           0           1
T_world_lidar: 
   0.999707  0.00199461  -0.0241287 -0.00579253
-0.00188176    0.999987  0.00469898    0.013301
  0.0241378  -0.0046522    0.999698   -0.020848
          0           0           0           1
v_world_imu:   0.00223265    0.0036934 -0.000268688
frame_52
id: 52
stamp: 3018.772562840
T_odom_lidar: 
    0.99971  0.00200086   -0.023986 -0.00568288
-0.00188226    0.999986  0.00496611   0.0133131
  0.0239956 -0.00491953      0.9997  -0.0209616
          0           0           0           1
T_world_lidar: 
    0.99971  0.00200086   -0.023986 -0.00568288
-0.00188226    0.999986  0.00496611   0.0133131
  0.0239956 -0.00491953      0.9997  -0.0209616
          0           0           0           1
v_world_imu: -8.78041e-05  -0.00472318  -0.00211262
frame_53
id: 53
stamp: 3018.872548850
T_odom_lidar: 
   0.999709  0.00192921  -0.0240565  -0.0056943
-0.00181604    0.999987   0.0047255   0.0131009
  0.0240653 -0.00468043    0.999699  -0.0212561
          0           0           0           1
T_world_lidar: 
   0.999709  0.00192921  -0.0240565  -0.0056943
-0.00181604    0.999987   0.0047255   0.0131009
  0.0240653 -0.00468043    0.999699  -0.0212561
          0           0           0           1
v_world_imu:  -0.0010712 -0.00177092 -0.00283843
frame_54
id: 54
stamp: 3018.972509610
T_odom_lidar: 
   0.999718  0.00173773  -0.0236992 -0.00596354
-0.00162221    0.999987  0.00489256   0.0130637
  0.0237074 -0.00485273    0.999707  -0.0215022
          0           0           0           1
T_world_lidar: 
   0.999718  0.00173773  -0.0236992 -0.00596354
-0.00162221    0.999987  0.00489256   0.0130637
  0.0237074 -0.00485273    0.999707  -0.0215022
          0           0           0           1
v_world_imu:  -0.00344619 -1.26059e-05  -0.00239397
frame_55
id: 55
stamp: 3019.072464030
T_odom_lidar: 
   0.999715  0.00182717   -0.023821 -0.00617471
-0.00171348    0.999987  0.00479212   0.0129799
  0.0238294 -0.00474993    0.999705  -0.0213814
          0           0           0           1
T_world_lidar: 
   0.999715  0.00182717   -0.023821 -0.00617471
-0.00171348    0.999987  0.00479212   0.0129799
  0.0238294 -0.00474993    0.999705  -0.0213814
          0           0           0           1
v_world_imu:  -0.0024212 -0.00144976 0.000926292
frame_56
id: 56
stamp: 3019.172425670
T_odom_lidar: 
   0.999709  0.00187196  -0.0240369 -0.00621375
 -0.0017556    0.999987  0.00486119   0.0127876
  0.0240457 -0.00481758    0.999699  -0.0211277
          0           0           0           1
T_world_lidar: 
   0.999709  0.00187196  -0.0240369 -0.00621375
 -0.0017556    0.999987  0.00486119   0.0127876
  0.0240457 -0.00481758    0.999699  -0.0211277
          0           0           0           1
v_world_imu: 0.000372182 -0.00116153 0.000674578
frame_57
id: 57
stamp: 3019.272435980
T_odom_lidar: 
   0.999717  0.00205419   -0.023715 -0.00625023
-0.00193775    0.999986  0.00493201    0.013062
  0.0237248 -0.00488466    0.999707   -0.021156
          0           0           0           1
T_world_lidar: 
   0.999717  0.00205419   -0.023715 -0.00625023
-0.00193775    0.999986  0.00493201    0.013062
  0.0237248 -0.00488466    0.999707   -0.021156
          0           0           0           1
v_world_imu:  -0.00364343    0.0023994 -0.000511675
frame_58
id: 58
stamp: 3019.372462120
T_odom_lidar: 
   0.999712  0.00194508  -0.0239042 -0.00658306
-0.00183489    0.999988  0.00463053   0.0131517
  0.0239129 -0.00458534    0.999704   -0.020972
          0           0           0           1
T_world_lidar: 
   0.999712  0.00194508  -0.0239042 -0.00658306
-0.00183489    0.999988  0.00463053   0.0131517
  0.0239129 -0.00458534    0.999704   -0.020972
          0           0           0           1
v_world_imu: -0.00118037 -0.00046228   0.0014496
frame_59
id: 59
stamp: 3019.472510180
T_odom_lidar: 
   0.999714  0.00188506   -0.023847 -0.00649615
-0.00177315    0.999987  0.00471309   0.0131158
  0.0238556 -0.00466946    0.999705  -0.0206942
          0           0           0           1
T_world_lidar: 
   0.999714  0.00188506   -0.023847 -0.00649615
-0.00177315    0.999987  0.00471309   0.0131158
  0.0238556 -0.00466946    0.999705  -0.0206942
          0           0           0           1
v_world_imu:   0.00122663 -0.000458255   0.00144607
frame_60
id: 60
stamp: 3019.572597080
T_odom_lidar: 
   0.999713  0.00204981  -0.0238862 -0.00631908
-0.00193488    0.999986   0.0048337   0.0130975
  0.0238958 -0.00478609    0.999703  -0.0206756
          0           0           0           1
T_world_lidar: 
   0.999713  0.00204981  -0.0238862 -0.00631908
-0.00193488    0.999986   0.0048337   0.0130975
  0.0238958 -0.00478609    0.999703  -0.0206756
          0           0           0           1
v_world_imu:  0.00281848 -0.00262424  0.00137397
frame_61
id: 61
stamp: 3019.672630300
T_odom_lidar: 
   0.999718  0.00202021   -0.023676 -0.00599426
 -0.0019078    0.999987  0.00476979   0.0127468
  0.0236853 -0.00472327    0.999708   -0.020516
          0           0           0           1
T_world_lidar: 
   0.999718  0.00202021   -0.023676 -0.00599426
 -0.0019078    0.999987  0.00476979   0.0127468
  0.0236853 -0.00472327    0.999708   -0.020516
          0           0           0           1
v_world_imu:  -0.00106111  -0.00245339 -0.000861345
frame_62
id: 62
stamp: 3019.772633000
T_odom_lidar: 
   0.999715  0.00188311  -0.0237898 -0.00627211
-0.00176879    0.999987  0.00482537   0.0125811
  0.0237986 -0.00478192    0.999705  -0.0207151
          0           0           0           1
T_world_lidar: 
   0.999715  0.00188311  -0.0237898 -0.00627211
-0.00176879    0.999987  0.00482537   0.0125811
  0.0237986 -0.00478192    0.999705  -0.0207151
          0           0           0           1
v_world_imu: -0.00190958 -0.00107907 -0.00178492
frame_63
id: 63
stamp: 3019.872625340
T_odom_lidar: 
   0.999719  0.00191598  -0.0236459 -0.00635585
-0.00179885    0.999986   0.0049738   0.0127901
  0.0236551 -0.00492987    0.999708   -0.020972
          0           0           0           1
T_world_lidar: 
   0.999719  0.00191598  -0.0236459 -0.00635585
-0.00179885    0.999986   0.0049738   0.0127901
  0.0236551 -0.00492987    0.999708   -0.020972
          0           0           0           1
v_world_imu: 0.000443406  0.00161538 -0.00287934
frame_64
id: 64
stamp: 3019.972591010
T_odom_lidar: 
   0.999712  0.00205997  -0.0239131 -0.00611913
-0.00194248    0.999986  0.00493545    0.012868
  0.0239229 -0.00488758    0.999702  -0.0210268
          0           0           0           1
T_world_lidar: 
   0.999712  0.00205997  -0.0239131 -0.00611913
-0.00194248    0.999986  0.00493545    0.012868
  0.0239229 -0.00488758    0.999702  -0.0210268
          0           0           0           1
v_world_imu:  0.00126236 0.000801371 0.000482113
frame_65
id: 65
stamp: 3020.072549970
T_odom_lidar: 
   0.999709  0.00200656  -0.0240345  -0.0061977
-0.00189448    0.999987  0.00468512   0.0127247
  0.0240436 -0.00463822      0.9997  -0.0207996
          0           0           0           1
T_world_lidar: 
   0.999709  0.00200656  -0.0240345  -0.0061977
-0.00189448    0.999987  0.00468512   0.0127247
  0.0240436 -0.00463822      0.9997  -0.0207996
          0           0           0           1
v_world_imu:  -0.00205752  -0.00210989 -0.000654648
frame_66
id: 66
stamp: 3020.172509860
T_odom_lidar: 
   0.999706  0.00187062  -0.0241918 -0.00631411
-0.00175415    0.999987  0.00483502   0.0128731
  0.0242005 -0.00479116    0.999696  -0.0210588
          0           0           0           1
T_world_lidar: 
   0.999706  0.00187062  -0.0241918 -0.00631411
-0.00175415    0.999987  0.00483502   0.0128731
  0.0242005 -0.00479116    0.999696  -0.0210588
          0           0           0           1
v_world_imu: -0.000824343   0.00419902  -0.00267872
frame_67
id: 67
stamp: 3020.272484680
T_odom_lidar: 
   0.999701  0.00192296  -0.0243573 -0.00622286
-0.00180877    0.999987   0.0047092   0.0131323
  0.0243661 -0.00466373    0.999692  -0.0211559
          0           0           0           1
T_world_lidar: 
   0.999701  0.00192296  -0.0243573 -0.00622286
-0.00180877    0.999987   0.0047092   0.0131323
  0.0243661 -0.00466373    0.999692  -0.0211559
          0           0           0           1
v_world_imu: 0.000166599  -0.0016532 -0.00158235
frame_68
id: 68
stamp: 3020.372427290
T_odom_lidar: 
   0.999713  0.00184184  -0.0238731  -0.0062535
 -0.0017237    0.999986  0.00496805   0.0129039
  0.0238819 -0.00492548    0.999703  -0.0213649
          0           0           0           1
T_world_lidar: 
   0.999713  0.00184184  -0.0238731  -0.0062535
 -0.0017237    0.999986  0.00496805   0.0129039
  0.0238819 -0.00492548    0.999703  -0.0213649
          0           0           0           1
v_world_imu: -0.000453446  0.000928488  -0.00400084
frame_69
id: 69
stamp: 3020.472358190
T_odom_lidar: 
   0.999709  0.00183451  -0.0240644 -0.00623671
-0.00171723    0.999987  0.00489301   0.0130993
  0.0240731 -0.00485026    0.999698  -0.0215231
          0           0           0           1
T_world_lidar: 
   0.999709  0.00183451  -0.0240644 -0.00623671
-0.00171723    0.999987  0.00489301   0.0130993
  0.0240731 -0.00485026    0.999698  -0.0215231
          0           0           0           1
v_world_imu:  -0.00179473 -0.000182502   0.00136844
frame_70
id: 70
stamp: 3020.572291000
T_odom_lidar: 
   0.999707  0.00179653   -0.024156 -0.00648594
-0.00168408    0.999988  0.00467487    0.013297
  0.0241641 -0.00463282    0.999697  -0.0214455
          0           0           0           1
T_world_lidar: 
   0.999707  0.00179653   -0.024156 -0.00648594
-0.00168408    0.999988  0.00467487    0.013297
  0.0241641 -0.00463282    0.999697  -0.0214455
          0           0           0           1
v_world_imu: -0.00225021  0.00145498  -0.0011172
frame_71
id: 71
stamp: 3020.672259230
T_odom_lidar: 
   0.999705   0.0018865  -0.0242305 -0.00646713
 -0.0017719    0.999987  0.00475015   0.0132378
  0.0242391 -0.00470582    0.999695  -0.0212614
          0           0           0           1
T_world_lidar: 
   0.999705   0.0018865  -0.0242305 -0.00646713
 -0.0017719    0.999987  0.00475015   0.0132378
  0.0242391 -0.00470582    0.999695  -0.0212614
          0           0           0           1
v_world_imu: 0.000260665 -0.00194067  0.00192321
frame_72
id: 72
stamp: 3020.772228610
T_odom_lidar: 
   0.999713  0.00195809  -0.0238853 -0.00646006
-0.00184257    0.999987   0.0048574    0.013013
  0.0238945 -0.00481199    0.999703  -0.0211721
          0           0           0           1
T_world_lidar: 
   0.999713  0.00195809  -0.0238853 -0.00646006
-0.00184257    0.999987   0.0048574    0.013013
  0.0238945 -0.00481199    0.999703  -0.0211721
          0           0           0           1
v_world_imu:  0.00114835 -0.00242979 -0.00275228
frame_73
id: 73
stamp: 3020.872179100
T_odom_lidar: 
   0.999709  0.00207609  -0.0240168 -0.00604695
-0.00196087    0.999986  0.00481993   0.0129991
  0.0240265 -0.00477143      0.9997  -0.0212436
          0           0           0           1
T_world_lidar: 
   0.999709  0.00207609  -0.0240168 -0.00604695
-0.00196087    0.999986  0.00481993   0.0129991
  0.0240265 -0.00477143      0.9997  -0.0212436
          0           0           0           1
v_world_imu:  0.00136564 0.000583485  0.00177319
frame_74
id: 74
stamp: 3020.972151140
T_odom_lidar: 
   0.999708  0.00184212  -0.0240905 -0.00638148
-0.00173224    0.999988  0.00458121   0.0132073
  0.0240986 -0.00453814    0.999699  -0.0209494
          0           0           0           1
T_world_lidar: 
   0.999708  0.00184212  -0.0240905 -0.00638148
-0.00173224    0.999988  0.00458121   0.0132073
  0.0240986 -0.00453814    0.999699  -0.0209494
          0           0           0           1
v_world_imu:  -0.00455158   0.00296455 -4.87613e-05
frame_75
id: 75
stamp: 3021.072143210
T_odom_lidar: 
   0.999708   0.0019041  -0.0240958 -0.00650856
-0.00179221    0.999988  0.00466437   0.0133933
  0.0241043 -0.00461983    0.999699  -0.0209252
          0           0           0           1
T_world_lidar: 
   0.999708   0.0019041  -0.0240958 -0.00650856
-0.00179221    0.999988  0.00466437   0.0133933
  0.0241043 -0.00461983    0.999699  -0.0209252
          0           0           0           1
v_world_imu: 6.93497e-05  0.00011561 -0.00192419
frame_76
id: 76
stamp: 3021.172156280
T_odom_lidar: 
   0.999713   0.0019653  -0.0238717 -0.00659052
-0.00184942    0.999986   0.0048754   0.0131376
  0.0238809 -0.00482985    0.999703  -0.0208841
          0           0           0           1
T_world_lidar: 
   0.999713   0.0019653  -0.0238717 -0.00659052
-0.00184942    0.999986   0.0048754   0.0131376
  0.0238809 -0.00482985    0.999703  -0.0208841
          0           0           0           1
v_world_imu: -0.00037631 -0.00533719  0.00154207
frame_77
id: 77
stamp: 3021.272174170
T_odom_lidar: 
   0.999716  0.00202443   -0.023741 -0.00651105
-0.00191222    0.999987   0.0047481   0.0129559
  0.0237503 -0.00470135    0.999707  -0.0207527
          0           0           0           1
T_world_lidar: 
   0.999716  0.00202443   -0.023741 -0.00651105
-0.00191222    0.999987   0.0047481   0.0129559
  0.0237503 -0.00470135    0.999707  -0.0207527
          0           0           0           1
