id: 0
T_world_origin: 
   0.999458   0.0167548   0.0283227    0.478003
 -0.0174156    0.999578   0.0232461  -0.0245443
 -0.0279213  -0.0237267    0.999328 -0.00421148
          0           0           0           1
T_origin_endpoint_L: 
  0.999563 -0.0141023 -0.0259762  -0.478046
 0.0146514   0.999671  0.0210728  0.0142023
 0.0256704 -0.0214442    0.99944  -0.010062
         0          0          0          1
T_origin_endpoint_R: 
    0.999999  0.000673803  -0.00108476   0.00119674
-0.000672866     0.999999  0.000864005  -0.00182016
  0.00108534 -0.000863274     0.999999   -0.0010967
           0            0            0            1
T_lidar_imu: 
     1      0      0  0.006
     0      1      0 -0.012
     0      0      1  0.008
     0      0      0      1
imu_bias: 0.000401633  0.00142161  -0.0304313 -0.00199763 -0.00198076 -0.00145181
frame_id: 2
num_frames: 1243
frame_0
id: 0
stamp: 1773557932.947461843
T_odom_lidar: 
   0.999994  0.00204732  0.00269785 -0.00582742
  -0.002166    0.998996   0.0447494  0.00938653
-0.00260352  -0.0447549    0.998995 -0.00976942
          0           0           0           1
T_world_lidar: 
   0.999994  0.00204732  0.00269785 -0.00582742
  -0.002166    0.998996   0.0447494  0.00938653
-0.00260352  -0.0447549    0.998995 -0.00976942
          0           0           0           1
v_world_imu: 0.00357058 -0.0125765  0.0751672
frame_1
id: 1
stamp: 1773557933.047549725
T_odom_lidar: 
   0.999997  0.00185571  0.00128785 -0.00580287
-0.00191236    0.998963   0.0454814  0.00859212
-0.00120211  -0.0454837    0.998964 -0.00500795
          0           0           0           1
T_world_lidar: 
   0.999997  0.00185571  0.00128785 -0.00580287
-0.00191236    0.998963   0.0454814  0.00859212
-0.00120211  -0.0454837    0.998964 -0.00500795
          0           0           0           1
v_world_imu: -0.00683354  0.00206368   0.0136096
frame_2
id: 2
stamp: 1773557933.147353172
T_odom_lidar: 
   0.999991  0.00124087  0.00403349 -0.00672142
 -0.0014185    0.999015   0.0443406  0.00911875
-0.00397449  -0.0443459    0.999008 -0.00591611
          0           0           0           1
T_world_lidar: 
   0.999991  0.00124087  0.00403349 -0.00672142
 -0.0014185    0.999015   0.0443406  0.00911875
-0.00397449  -0.0443459    0.999008 -0.00591611
          0           0           0           1
v_world_imu: -0.00460974 0.000678654 -0.00326038
frame_3
id: 3
stamp: 1773557933.247329235
T_odom_lidar: 
   0.999995  0.00155815  0.00267675 -0.00666292
 -0.0016766    0.998993   0.0448347  0.00886203
-0.00260419   -0.044839    0.998991 -0.00490506
          0           0           0           1
T_world_lidar: 
   0.999995  0.00155815  0.00267675 -0.00666292
 -0.0016766    0.998993   0.0448347  0.00886203
-0.00260419   -0.044839    0.998991 -0.00490506
          0           0           0           1
v_world_imu: -0.000104229   0.00212585     0.010576
frame_4
id: 4
stamp: 1773557933.347204685
T_odom_lidar: 
   0.999994  0.00165107  0.00298151 -0.00680282
-0.00178352    0.998986   0.0449803  0.00942602
-0.00290422  -0.0449853    0.998983 -0.00443586
          0           0           0           1
T_world_lidar: 
   0.999994  0.00165107  0.00298151 -0.00680282
-0.00178352    0.998986   0.0449803  0.00942602
-0.00290422  -0.0449853    0.998983 -0.00443586
          0           0           0           1
v_world_imu:  -0.00170328   0.00200476 -1.18646e-05
frame_5
id: 5
stamp: 1773557933.447148800
T_odom_lidar: 
   0.999993  0.00177375  0.00323814 -0.00693085
-0.00191644    0.999003   0.0446072  0.00906061
-0.00315579  -0.0446131    0.998999 -0.00467067
          0           0           0           1
T_world_lidar: 
   0.999993  0.00177375  0.00323814 -0.00693085
-0.00191644    0.999003   0.0446072  0.00906061
-0.00315579  -0.0446131    0.998999 -0.00467067
          0           0           0           1
v_world_imu:  0.000323382  -0.00386646 -0.000726319
frame_6
id: 6
stamp: 1773557933.547315121
T_odom_lidar: 
   0.999994  0.00174445  0.00296518 -0.00671211
-0.00187641    0.998981      0.0451  0.00912362
-0.00288348  -0.0451053    0.998978  -0.0045202
          0           0           0           1
T_world_lidar: 
   0.999994  0.00174445  0.00296518 -0.00671211
-0.00187641    0.998981      0.0451  0.00912362
-0.00288348  -0.0451053    0.998978  -0.0045202
          0           0           0           1
v_world_imu: 0.00139513 0.00297905 0.00121714
frame_7
id: 7
stamp: 1773557933.647058487
T_odom_lidar: 
   0.999994  0.00189635  0.00297184 -0.00673005
-0.00202725    0.998999   0.0446834  0.00915709
-0.00288414  -0.0446891    0.998997 -0.00450735
          0           0           0           1
T_world_lidar: 
   0.999994  0.00189635  0.00297184 -0.00673005
-0.00202725    0.998999   0.0446834  0.00915709
-0.00288414  -0.0446891    0.998997 -0.00450735
          0           0           0           1
v_world_imu: -0.000518602  -0.00105323  0.000790163
frame_8
id: 8
stamp: 1773557933.747024059
T_odom_lidar: 
   0.999994  0.00169925  0.00303203 -0.00678674
-0.00183351    0.998992   0.0448401   0.0093543
-0.00295279  -0.0448453     0.99899 -0.00439231
          0           0           0           1
T_world_lidar: 
   0.999994  0.00169925  0.00303203 -0.00678674
-0.00183351    0.998992   0.0448401   0.0093543
-0.00295279  -0.0448453     0.99899 -0.00439231
          0           0           0           1
v_world_imu: 9.85637e-05  0.00338848 0.000262971
frame_9
id: 9
stamp: 1773557933.847025871
T_odom_lidar: 
   0.999994  0.00194071  0.00297817 -0.00662895
-0.00207315    0.998979   0.0451309  0.00933259
-0.00288754  -0.0451368    0.998977  -0.0044125
          0           0           0           1
T_world_lidar: 
   0.999994  0.00194071  0.00297817 -0.00662895
-0.00207315    0.998979   0.0451309  0.00933259
-0.00288754  -0.0451368    0.998977  -0.0044125
          0           0           0           1
v_world_imu:  0.00093784 -0.00408267 0.000315521
frame_10
id: 10
stamp: 1773557933.947074890
T_odom_lidar: 
   0.999994  0.00174847  0.00301296 -0.00674064
-0.00188167    0.998995   0.0447872   0.0090751
-0.00293163  -0.0447926    0.998992 -0.00426243
          0           0           0           1
T_world_lidar: 
   0.999994  0.00174847  0.00301296 -0.00674064
-0.00188167    0.998995   0.0447872   0.0090751
-0.00293163  -0.0447926    0.998992 -0.00426243
          0           0           0           1
v_world_imu: -0.00158011 0.000836365  0.00291681
frame_11
id: 11
stamp: 1773557934.046966791
T_odom_lidar: 
   0.999994  0.00161085  0.00318392 -0.00683292
-0.00175327    0.998974   0.0452453  0.00918007
-0.00310777  -0.0452506    0.998971 -0.00402717
          0           0           0           1
T_world_lidar: 
   0.999994  0.00161085  0.00318392 -0.00683292
-0.00175327    0.998974   0.0452453  0.00918007
-0.00310777  -0.0452506    0.998971 -0.00402717
          0           0           0           1
v_world_imu: -0.000835771  -0.00145348  0.000841826
frame_12
id: 12
stamp: 1773557934.147001028
T_odom_lidar: 
   0.999993  0.00186172  0.00314099 -0.00703908
 -0.0020005    0.998995   0.0447763  0.00887105
-0.00305447  -0.0447823    0.998992 -0.00403351
          0           0           0           1
T_world_lidar: 
   0.999993  0.00186172  0.00314099 -0.00703908
 -0.0020005    0.998995   0.0447763  0.00887105
-0.00305447  -0.0447823    0.998992 -0.00403351
          0           0           0           1
v_world_imu:  -0.00345248  -0.00153168 -0.000375386
frame_13
id: 13
stamp: 1773557934.247048140
T_odom_lidar: 
   0.999994   0.0014758  0.00307836 -0.00737937
-0.00161302    0.998983   0.0450585  0.00896208
-0.00300873  -0.0450632     0.99898 -0.00409838
          0           0           0           1
T_world_lidar: 
   0.999994   0.0014758  0.00307836 -0.00737937
-0.00161302    0.998983   0.0450585  0.00896208
-0.00300873  -0.0450632     0.99898 -0.00409838
          0           0           0           1
v_world_imu:  -0.00195589  0.000241509 -0.000227463
frame_14
id: 14
stamp: 1773557934.346938133
T_odom_lidar: 
   0.999994  0.00161515  0.00303315 -0.00741809
-0.00174918    0.998998   0.0447186   0.0086899
-0.00295788  -0.0447237    0.998995 -0.00402373
          0           0           0           1
T_world_lidar: 
   0.999994  0.00161515  0.00303315 -0.00741809
-0.00174918    0.998998   0.0447186   0.0086899
-0.00295788  -0.0447237    0.998995 -0.00402373
          0           0           0           1
v_world_imu: 0.000605687 -0.00117051 0.000177872
frame_15
id: 15
stamp: 1773557934.446944714
T_odom_lidar: 
   0.999995   0.0014125  0.00291186 -0.00726211
-0.00154181    0.998991   0.0448939    0.009158
-0.00284551  -0.0448982    0.998988 -0.00411987
          0           0           0           1
T_world_lidar: 
   0.999995   0.0014125  0.00291186 -0.00726211
-0.00154181    0.998991   0.0448939    0.009158
-0.00284551  -0.0448982    0.998988 -0.00411987
          0           0           0           1
v_world_imu:  0.00222712    0.006291 -0.00157175
frame_16
id: 16
stamp: 1773557934.547022820
T_odom_lidar: 
   0.999993  0.00188902  0.00308098 -0.00697884
-0.00202541     0.99899   0.0448849  0.00935288
-0.00299308  -0.0448909    0.998987 -0.00421529
          0           0           0           1
T_world_lidar: 
   0.999993  0.00188902  0.00308098 -0.00697884
-0.00202541     0.99899   0.0448849  0.00935288
-0.00299308  -0.0448909    0.998987 -0.00421529
          0           0           0           1
v_world_imu:   0.00129125 -0.000496181 -0.000235831
frame_17
id: 17
stamp: 1773557934.647311926
T_odom_lidar: 
   0.999993  0.00203969  0.00303763 -0.00710224
-0.00217349    0.998997   0.0447189  0.00954833
-0.00294338  -0.0447252    0.998995 -0.00412196
          0           0           0           1
T_world_lidar: 
   0.999993  0.00203969  0.00303763 -0.00710224
-0.00217349    0.998997   0.0447189  0.00954833
-0.00294338  -0.0447252    0.998995 -0.00412196
          0           0           0           1
v_world_imu: -0.00117415   0.0043898  0.00238483
frame_18
id: 18
stamp: 1773557934.747037649
T_odom_lidar: 
   0.999993  0.00176488   0.0032274 -0.00701414
-0.00190805    0.998989   0.0449113  0.00983832
-0.00314487  -0.0449171    0.998986  -0.0039387
          0           0           0           1
T_world_lidar: 
   0.999993  0.00176488   0.0032274 -0.00701414
-0.00190805    0.998989   0.0449113  0.00983832
-0.00314487  -0.0449171    0.998986  -0.0039387
          0           0           0           1
v_world_imu:  0.00047953  0.00108804 0.000118525
frame_19
id: 19
stamp: 1773557934.847043514
T_odom_lidar: 
   0.999993  0.00185261  0.00321793 -0.00709456
-0.00199473    0.998997   0.0447366  0.00996046
-0.00313182  -0.0447427    0.998994 -0.00418162
          0           0           0           1
T_world_lidar: 
   0.999993  0.00185261  0.00321793 -0.00709456
-0.00199473    0.998997   0.0447366  0.00996046
-0.00313182  -0.0447427    0.998994 -0.00418162
          0           0           0           1
v_world_imu: 0.000613491   0.0013255 -0.00200347
frame_20
id: 20
stamp: 1773557934.947166204
T_odom_lidar: 
   0.999994  0.00168589  0.00301656 -0.00674029
 -0.0018201    0.998983   0.0450563   0.0100075
-0.00293753  -0.0450615     0.99898 -0.00423523
          0           0           0           1
T_world_lidar: 
   0.999994  0.00168589  0.00301656 -0.00674029
 -0.0018201    0.998983   0.0450563   0.0100075
-0.00293753  -0.0450615     0.99898 -0.00423523
          0           0           0           1
v_world_imu:   0.00403102  0.000472023 -0.000609838
frame_21
id: 21
stamp: 1773557935.047174454
T_odom_lidar: 
   0.999994  0.00200232  0.00290693 -0.00645606
-0.00213011    0.999001   0.0446456   0.0100001
-0.00281463  -0.0446515    0.998999 -0.00425711
          0           0           0           1
T_world_lidar: 
   0.999994  0.00200232  0.00290693 -0.00645606
-0.00213011    0.999001   0.0446456   0.0100001
-0.00281463  -0.0446515    0.998999 -0.00425711
          0           0           0           1
v_world_imu: 0.000585461 -0.00053538 0.000968496
frame_22
id: 22
stamp: 1773557935.147306204
T_odom_lidar: 
   0.999994  0.00171904  0.00310917 -0.00650772
-0.00185764    0.998979   0.0451366   0.0101073
-0.00302841  -0.0451421    0.998976 -0.00411014
          0           0           0           1
T_world_lidar: 
   0.999994  0.00171904  0.00310917 -0.00650772
-0.00185764    0.998979   0.0451366   0.0101073
-0.00302841  -0.0451421    0.998976 -0.00411014
          0           0           0           1
v_world_imu: 0.000182402 0.000812877  0.00124303
frame_23
id: 23
stamp: 1773557935.247336149
T_odom_lidar: 
   0.999993  0.00180957  0.00324877 -0.00637964
 -0.0019533    0.998994   0.0447996  0.00989438
-0.00316444  -0.0448057    0.998991 -0.00407926
          0           0           0           1
T_world_lidar: 
   0.999993  0.00180957  0.00324877 -0.00637964
 -0.0019533    0.998994   0.0447996  0.00989438
-0.00316444  -0.0448057    0.998991 -0.00407926
          0           0           0           1
v_world_imu: 0.000222293   -0.001399 -0.00178252
frame_24
id: 24
stamp: 1773557935.347145319
T_odom_lidar: 
   0.999993  0.00198344  0.00306262 -0.00650354
-0.00211899    0.998989   0.0449102   0.0102851
-0.00297045  -0.0449164    0.998986 -0.00432395
          0           0           0           1
T_world_lidar: 
   0.999993  0.00198344  0.00306262 -0.00650354
-0.00211899    0.998989   0.0449102   0.0102851
-0.00297045  -0.0449164    0.998986 -0.00432395
          0           0           0           1
v_world_imu: -0.000390255   0.00433113 -0.000991242
frame_25
id: 25
stamp: 1773557935.447240114
T_odom_lidar: 
   0.999994  0.00168948  0.00299677 -0.00638026
-0.00182231     0.99899   0.0448901   0.0101038
 -0.0029179  -0.0448953    0.998987 -0.00425901
          0           0           0           1
T_world_lidar: 
   0.999994  0.00168948  0.00299677 -0.00638026
-0.00182231     0.99899   0.0448901   0.0101038
 -0.0029179  -0.0448953    0.998987 -0.00425901
          0           0           0           1
v_world_imu: 0.000266066 -0.00534622  0.00148031
frame_26
id: 26
stamp: 1773557935.547083378
T_odom_lidar: 
   0.999993  0.00181535  0.00318936 -0.00659056
-0.00195609    0.998999   0.0446924  0.00980992
-0.00310504  -0.0446984    0.998996 -0.00411232
          0           0           0           1
T_world_lidar: 
   0.999993  0.00181535  0.00318936 -0.00659056
-0.00195609    0.998999   0.0446924  0.00980992
-0.00310504  -0.0446984    0.998996 -0.00411232
          0           0           0           1
v_world_imu: -0.00333381  0.00147619  0.00108516
frame_27
id: 27
stamp: 1773557935.647133589
T_odom_lidar: 
   0.999994  0.00162575  0.00308787 -0.00683429
-0.00176347    0.998979   0.0451335   0.0100609
-0.00301135  -0.0451387    0.998976  -0.0040202
          0           0           0           1
T_world_lidar: 
   0.999994  0.00162575  0.00308787 -0.00683429
-0.00176347    0.998979   0.0451335   0.0100609
-0.00301135  -0.0451387    0.998976  -0.0040202
          0           0           0           1
v_world_imu: -0.000767541 -0.000818884   0.00139311
frame_28
id: 28
stamp: 1773557935.747080803
T_odom_lidar: 
   0.999993  0.00187074  0.00325316 -0.00678204
-0.00201467    0.998993   0.0448186  0.00970673
-0.00316604  -0.0448248     0.99899  -0.0039109
          0           0           0           1
T_world_lidar: 
   0.999993  0.00187074  0.00325316 -0.00678204
-0.00201467    0.998993   0.0448186  0.00970673
-0.00316604  -0.0448248     0.99899  -0.0039109
          0           0           0           1
v_world_imu: -0.000164128    -0.001434 -0.000310645
frame_29
id: 29
stamp: 1773557935.847218513
T_odom_lidar: 
   0.999994  0.00159604  0.00319327 -0.00681229
-0.00173825    0.998984   0.0450361  0.00990222
-0.00311815  -0.0450413     0.99898 -0.00398838
          0           0           0           1
T_world_lidar: 
   0.999994  0.00159604  0.00319327 -0.00681229
-0.00173825    0.998984   0.0450361  0.00990222
-0.00311815  -0.0450413     0.99898 -0.00398838
          0           0           0           1
v_world_imu:   0.00104769   0.00048353 -0.000380748
frame_30
id: 30
stamp: 1773557935.947117567
T_odom_lidar: 
   0.999993  0.00177355  0.00321403 -0.00663684
-0.00191595    0.998991   0.0448594  0.00944051
-0.00313123  -0.0448652    0.998988 -0.00398993
          0           0           0           1
T_world_lidar: 
   0.999993  0.00177355  0.00321403 -0.00663684
-0.00191595    0.998991   0.0448594  0.00944051
-0.00313123  -0.0448652    0.998988 -0.00398993
          0           0           0           1
v_world_imu: 0.000166055  -0.0046105 -0.00134991
frame_31
id: 31
stamp: 1773557936.047035456
T_odom_lidar: 
   0.999993  0.00183533  0.00319373 -0.00680715
-0.00197717    0.998985   0.0449918  0.00954567
-0.00310791  -0.0449978    0.998982 -0.00425632
          0           0           0           1
T_world_lidar: 
   0.999993  0.00183533  0.00319373 -0.00680715
-0.00197717    0.998985   0.0449918  0.00954567
-0.00310791  -0.0449978    0.998982 -0.00425632
          0           0           0           1
v_world_imu: -0.00201337  0.00414099 -0.00290787
frame_32
id: 32
stamp: 1773557936.146949530
T_odom_lidar: 
   0.999994  0.00189219  0.00298076 -0.00691638
-0.00202437    0.998986   0.0449853  0.00962426
-0.00289262  -0.0449911    0.998983 -0.00450698
          0           0           0           1
T_world_lidar: 
   0.999994  0.00189219  0.00298076 -0.00691638
-0.00202437    0.998986   0.0449853  0.00962426
-0.00289262  -0.0449911    0.998983 -0.00450698
          0           0           0           1
v_world_imu: -0.000820761  -0.00204641  -0.00122238
frame_33
id: 33
stamp: 1773557936.247010946
T_odom_lidar: 
   0.999994  0.00193974  0.00285981 -0.00698217
-0.00206553       0.999   0.0446616  0.00959098
-0.00277032  -0.0446673    0.998998 -0.00450317
          0           0           0           1
T_world_lidar: 
   0.999994  0.00193974  0.00285981 -0.00698217
-0.00206553       0.999   0.0446616  0.00959098
-0.00277032  -0.0446673    0.998998 -0.00450317
          0           0           0           1
v_world_imu: 0.000880424  0.00168268 0.000536902
frame_34
id: 34
stamp: 1773557936.347063065
T_odom_lidar: 
   0.999995  0.00143308  0.00291981 -0.00666249
-0.00156315    0.998984   0.0450456  0.00957542
-0.00285228  -0.0450499    0.998981 -0.00449088
          0           0           0           1
T_world_lidar: 
   0.999995  0.00143308  0.00291981 -0.00666249
-0.00156315    0.998984   0.0450456  0.00957542
-0.00285228  -0.0450499    0.998981 -0.00449088
          0           0           0           1
v_world_imu:  0.00229774 -0.00214352 0.000457939
frame_35
id: 35
stamp: 1773557936.446941853
T_odom_lidar: 
   0.999993  0.00196043  0.00312951  -0.0067106
-0.00209898    0.998989   0.0449006  0.00937677
-0.00303832  -0.0449069    0.998987 -0.00431388
          0           0           0           1
T_world_lidar: 
   0.999993  0.00196043  0.00312951  -0.0067106
-0.00209898    0.998989   0.0449006  0.00937677
-0.00303832  -0.0449069    0.998987 -0.00431388
          0           0           0           1
v_world_imu:  -0.00203205 -0.000246794   0.00270535
frame_36
id: 36
stamp: 1773557936.547033310
T_odom_lidar: 
   0.999994  0.00154924  0.00324294  -0.0068074
-0.00169398     0.99898   0.0451146  0.00942635
-0.00316974  -0.0451198    0.998977  -0.0040583
          0           0           0           1
T_world_lidar: 
   0.999994  0.00154924  0.00324294  -0.0068074
-0.00169398     0.99898   0.0451146  0.00942635
-0.00316974  -0.0451198    0.998977  -0.0040583
          0           0           0           1
v_world_imu: -0.000563851 -0.000929243   0.00147138
frame_37
id: 37
stamp: 1773557936.647195578
T_odom_lidar: 
   0.999993  0.00172391   0.0032321 -0.00690568
 -0.0018671    0.998993   0.0448369  0.00909021
-0.00315155  -0.0448427    0.998989 -0.00408414
          0           0           0           1
T_world_lidar: 
   0.999993  0.00172391   0.0032321 -0.00690568
 -0.0018671    0.998993   0.0448369  0.00909021
-0.00315155  -0.0448427    0.998989 -0.00408414
          0           0           0           1
v_world_imu:  -0.00147933  -0.00162236 -0.000907966
frame_38
id: 38
stamp: 1773557936.747406244
T_odom_lidar: 
   0.999994  0.00172979    0.003154  -0.0070006
-0.00186987    0.998987   0.0449639  0.00948557
-0.00307303  -0.0449695    0.998984 -0.00418909
          0           0           0           1
T_world_lidar: 
   0.999994  0.00172979    0.003154  -0.0070006
-0.00186987    0.998987   0.0449639  0.00948557
-0.00307303  -0.0449695    0.998984 -0.00418909
          0           0           0           1
v_world_imu:  0.00109226  0.00560127 -0.00040307
frame_39
id: 39
stamp: 1773557936.847360849
T_odom_lidar: 
   0.999994  0.00181524  0.00309594  -0.0067265
-0.00195257    0.998987   0.0449473  0.00963249
-0.00301121   -0.044953    0.998985 -0.00418213
          0           0           0           1
T_world_lidar: 
   0.999994  0.00181524  0.00309594  -0.0067265
-0.00195257    0.998987   0.0449473  0.00963249
-0.00301121   -0.044953    0.998985 -0.00418213
          0           0           0           1
v_world_imu:  0.00110648 -0.00160179 -0.00046246
frame_40
id: 40
stamp: 1773557936.947308302
T_odom_lidar: 
   0.999993  0.00179536  0.00321629 -0.00684047
-0.00193765    0.998994   0.0447981  0.00974974
-0.00313263  -0.0448041    0.998991 -0.00426394
          0           0           0           1
T_world_lidar: 
   0.999993  0.00179536  0.00321629 -0.00684047
-0.00193765    0.998994   0.0447981  0.00974974
-0.00313263  -0.0448041    0.998991 -0.00426394
          0           0           0           1
v_world_imu:  -0.00068881   0.00316153 -0.000740893
frame_41
id: 41
stamp: 1773557937.047270775
T_odom_lidar: 
   0.999994  0.00159863  0.00302358  -0.0066636
-0.00173329    0.998982   0.0450713  0.00975424
-0.00294845  -0.0450763    0.998979 -0.00421795
          0           0           0           1
T_world_lidar: 
   0.999994  0.00159863  0.00302358  -0.0066636
-0.00173329    0.998982   0.0450713  0.00975424
-0.00294845  -0.0450763    0.998979 -0.00421795
          0           0           0           1
v_world_imu:  0.00146347 -0.00153801  0.00132504
frame_42
id: 42
stamp: 1773557937.147407293
T_odom_lidar: 
   0.999993  0.00187387  0.00325449  -0.0067343
-0.00201795    0.998992   0.0448459   0.0097196
-0.00316718  -0.0448522    0.998989 -0.00413842
          0           0           0           1
T_world_lidar: 
   0.999993  0.00187387  0.00325449  -0.0067343
-0.00201795    0.998992   0.0448459   0.0097196
-0.00316718  -0.0448522    0.998989 -0.00413842
          0           0           0           1
v_world_imu:  -0.00233118    0.0001428 -0.000834128
frame_43
id: 43
stamp: 1773557937.247327089
T_odom_lidar: 
   0.999994  0.00151391     0.00296 -0.00687591
-0.00164562    0.998985   0.0450109  0.00954266
-0.00288885  -0.0450156    0.998982 -0.00425999
          0           0           0           1
T_world_lidar: 
   0.999994  0.00151391     0.00296 -0.00687591
-0.00164562    0.998985   0.0450109  0.00954266
-0.00288885  -0.0450156    0.998982 -0.00425999
          0           0           0           1
v_world_imu: 0.000449307 -0.00306677 0.000667228
frame_44
id: 44
stamp: 1773557937.347290516
T_odom_lidar: 
   0.999994  0.00182615  0.00301311 -0.00679581
-0.00195941    0.998993   0.0448313   0.0092232
 -0.0029282  -0.0448369     0.99899 -0.00406922
          0           0           0           1
T_world_lidar: 
   0.999994  0.00182615  0.00301311 -0.00679581
-0.00195941    0.998993   0.0448313   0.0092232
 -0.0029282  -0.0448369     0.99899 -0.00406922
          0           0           0           1
v_world_imu: -0.00133989 -0.00182513  0.00164389
frame_45
id: 45
stamp: 1773557937.447328568
T_odom_lidar: 
   0.999994  0.00146126  0.00316215 -0.00712108
-0.00160181     0.99899   0.0449131  0.00930698
-0.00309332  -0.0449179    0.998986 -0.00392694
          0           0           0           1
T_world_lidar: 
   0.999994  0.00146126  0.00316215 -0.00712108
-0.00160181     0.99899   0.0449131  0.00930698
-0.00309332  -0.0449179    0.998986 -0.00392694
          0           0           0           1
v_world_imu: -0.00368223 0.000954527 0.000577629
frame_46
id: 46
stamp: 1773557937.547269583
T_odom_lidar: 
   0.999994  0.00161118  0.00304481 -0.00737889
-0.00174571    0.998999   0.0447089  0.00898985
-0.00296973   -0.044714    0.998995 -0.00395579
          0           0           0           1
T_world_lidar: 
   0.999994  0.00161118  0.00304481 -0.00737889
-0.00174571    0.998999   0.0447089  0.00898985
-0.00296973   -0.044714    0.998995 -0.00395579
          0           0           0           1
v_world_imu: -0.000573348  -0.00417501 -0.000817668
frame_47
id: 47
stamp: 1773557937.647247076
T_odom_lidar: 
   0.999993  0.00158606  0.00324027 -0.00721655
-0.00172972    0.998993   0.0448272  0.00897849
-0.00316591  -0.0448325     0.99899 -0.00408537
          0           0           0           1
T_world_lidar: 
   0.999993  0.00158606  0.00324027 -0.00721655
-0.00172972    0.998993   0.0448272  0.00897849
-0.00316591  -0.0448325     0.99899 -0.00408537
          0           0           0           1
v_world_imu:  0.00335513  0.00231121 -0.00157179
frame_48
id: 48
stamp: 1773557937.747209311
T_odom_lidar: 
   0.999994  0.00151602  0.00299668 -0.00680645
-0.00164924    0.998987   0.0449643  0.00881852
-0.00292548  -0.0449689    0.998984 -0.00421001
          0           0           0           1
T_world_lidar: 
   0.999994  0.00151602  0.00299668 -0.00680645
-0.00164924    0.998987   0.0449643  0.00881852
-0.00292548  -0.0449689    0.998984 -0.00421001
          0           0           0           1
v_world_imu:   0.00249655  -0.00562403 -0.000193878
frame_49
id: 49
stamp: 1773557937.847197056
T_odom_lidar: 
   0.999993  0.00179597  0.00314438 -0.00689355
-0.00193462       0.999   0.0446611  0.00838499
-0.00306103  -0.0446669    0.998997 -0.00415662
          0           0           0           1
T_world_lidar: 
   0.999993  0.00179597  0.00314438 -0.00689355
-0.00193462       0.999   0.0446611  0.00838499
-0.00306103  -0.0446669    0.998997 -0.00415662
          0           0           0           1
v_world_imu:  -0.00356722  0.000308884 -0.000630346
frame_50
id: 50
stamp: 1773557937.947254658
T_odom_lidar: 
   0.999994   0.0012482  0.00308394 -0.00714135
-0.00138631    0.998977   0.0451962  0.00858406
-0.00302437  -0.0452002    0.998973  -0.0042351
          0           0           0           1
T_world_lidar: 
   0.999994   0.0012482  0.00308394 -0.00714135
-0.00138631    0.998977   0.0451962  0.00858406
-0.00302437  -0.0452002    0.998973  -0.0042351
          0           0           0           1
v_world_imu:  0.000545615  0.000730944 -0.000866254
frame_51
id: 51
stamp: 1773557938.047283411
T_odom_lidar: 
   0.999994  0.00175115  0.00314419 -0.00690901
-0.00189012    0.998996   0.0447529  0.00847789
-0.00306267  -0.0447586    0.998993 -0.00425937
          0           0           0           1
T_world_lidar: 
   0.999994  0.00175115  0.00314419 -0.00690901
-0.00189012    0.998996   0.0447529  0.00847789
-0.00306267  -0.0447586    0.998993 -0.00425937
          0           0           0           1
v_world_imu:    0.0016219 -0.000441978  0.000290776
frame_52
id: 52
stamp: 1773557938.147249699
T_odom_lidar: 
   0.999995  0.00150671  0.00288744 -0.00685306
-0.00163515    0.998985   0.0450063  0.00859664
 -0.0028167  -0.0450108    0.998983 -0.00425707
          0           0           0           1
T_world_lidar: 
   0.999995  0.00150671  0.00288744 -0.00685306
-0.00163515    0.998985   0.0450063  0.00859664
 -0.0028167  -0.0450108    0.998983 -0.00425707
          0           0           0           1
v_world_imu:  0.000499233   0.00115451 -0.000606929
frame_53
id: 53
stamp: 1773557938.247306108
T_odom_lidar: 
   0.999994  0.00164583  0.00303416 -0.00682382
-0.00178052    0.998988   0.0449362   0.0084961
-0.00295713  -0.0449413    0.998985 -0.00434474
          0           0           0           1
T_world_lidar: 
   0.999994  0.00164583  0.00303416 -0.00682382
-0.00178052    0.998988   0.0449362   0.0084961
-0.00295713  -0.0449413    0.998985 -0.00434474
          0           0           0           1
v_world_imu:  0.000279308  -0.00115087 -0.000302627
frame_54
id: 54
stamp: 1773557938.347326994
T_odom_lidar: 
   0.999994  0.00150601  0.00311727 -0.00675035
-0.00164462    0.998988   0.0449501  0.00877795
-0.00304642  -0.0449549    0.998984 -0.00426996
          0           0           0           1
T_world_lidar: 
   0.999994  0.00150601  0.00311727 -0.00675035
-0.00164462    0.998988   0.0449501  0.00877795
-0.00304642  -0.0449549    0.998984 -0.00426996
          0           0           0           1
v_world_imu: -1.17005e-05   0.00462759   0.00167336
frame_55
id: 55
stamp: 1773557938.447439909
T_odom_lidar: 
   0.999994  0.00178326   0.0029971 -0.00676558
-0.00191661    0.998981   0.0450931  0.00890283
-0.00291363  -0.0450986    0.998978  -0.0041009
          0           0           0           1
T_world_lidar: 
   0.999994  0.00178326   0.0029971 -0.00676558
-0.00191661    0.998981   0.0450931  0.00890283
-0.00291363  -0.0450986    0.998978  -0.0041009
          0           0           0           1
v_world_imu: -0.000585318  -0.00127362   0.00149405
frame_56
id: 56
stamp: 1773557938.547395229
T_odom_lidar: 
   0.999993  0.00192005  0.00319517 -0.00694106
-0.00206157     0.99899   0.0448955  0.00898983
-0.00310574  -0.0449017    0.998987  -0.0039938
          0           0           0           1
T_world_lidar: 
   0.999993  0.00192005  0.00319517 -0.00694106
-0.00206157     0.99899   0.0448955  0.00898983
-0.00310574  -0.0449017    0.998987  -0.0039938
          0           0           0           1
v_world_imu: -0.00272715  0.00145859 0.000111879
frame_57
id: 57
stamp: 1773557938.647408247
T_odom_lidar: 
   0.999995  0.00161632  0.00289221 -0.00718193
-0.00174465    0.998988    0.044933  0.00874452
-0.00281665  -0.0449378    0.998986 -0.00404471
          0           0           0           1
T_world_lidar: 
   0.999995  0.00161632  0.00289221 -0.00718193
-0.00174465    0.998988    0.044933  0.00874452
-0.00281665  -0.0449378    0.998986 -0.00404471
          0           0           0           1
v_world_imu:  -0.00179747  -0.00355204 -0.000371471
frame_58
id: 58
stamp: 1773557938.747301340
T_odom_lidar: 
   0.999994  0.00188214   0.0030587 -0.00736729
-0.00201713    0.998996   0.0447479  0.00871263
 -0.0029714  -0.0447538    0.998994  -0.0040548
          0           0           0           1
T_world_lidar: 
   0.999994  0.00188214   0.0030587 -0.00736729
-0.00201713    0.998996   0.0447479  0.00871263
 -0.0029714  -0.0447538    0.998994  -0.0040548
          0           0           0           1
v_world_imu:  -0.00156247   0.00327797 -0.000169693
frame_59
id: 59
stamp: 1773557938.847362280
T_odom_lidar: 
   0.999994  0.00135786  0.00317761 -0.00735554
-0.00149961    0.998984   0.0450417   0.0091461
-0.00311322  -0.0450462     0.99898 -0.00400353
          0           0           0           1
T_world_lidar: 
   0.999994  0.00135786  0.00317761 -0.00735554
-0.00149961    0.998984   0.0450417   0.0091461
-0.00311322  -0.0450462     0.99898 -0.00400353
          0           0           0           1
v_world_imu:   0.00120053   0.00205636 -0.000352555
frame_60
id: 60
stamp: 1773557938.947453260
T_odom_lidar: 
   0.999993  0.00174488  0.00319066  -0.0073266
-0.00188632    0.998991   0.0448766  0.00903516
-0.00310913  -0.0448823    0.998987  -0.0041801
          0           0           0           1
T_world_lidar: 
   0.999993  0.00174488  0.00319066  -0.0073266
-0.00188632    0.998991   0.0448766  0.00903516
-0.00310913  -0.0448823    0.998987  -0.0041801
          0           0           0           1
v_world_imu: -0.000693471  -0.00136842  -0.00192714
frame_61
id: 61
stamp: 1773557939.047448397
T_odom_lidar: 
   0.999994  0.00152109  0.00295257 -0.00731815
-0.00165214     0.99899   0.0449005  0.00918868
 -0.0028813  -0.0449051    0.998987 -0.00426147
          0           0           0           1
T_world_lidar: 
   0.999994  0.00152109  0.00295257 -0.00731815
-0.00165214     0.99899   0.0449005  0.00918868
 -0.0028813  -0.0449051    0.998987 -0.00426147
          0           0           0           1
v_world_imu:   0.00107376   0.00247379 -0.000856789
frame_62
id: 62
stamp: 1773557939.147370577
T_odom_lidar: 
   0.999994  0.00179768  0.00292874 -0.00720141
-0.00192754    0.998987    0.044959  0.00906559
-0.00284495  -0.0449644    0.998985 -0.00442338
          0           0           0           1
T_world_lidar: 
   0.999994  0.00179768  0.00292874 -0.00720141
-0.00192754    0.998987    0.044959  0.00906559
-0.00284495  -0.0449644    0.998985 -0.00442338
          0           0           0           1
v_world_imu: 0.000258425 -0.00258428 -0.00155436
frame_63
id: 63
stamp: 1773557939.247411966
T_odom_lidar: 
   0.999994  0.00186588   0.0028926 -0.00719963
-0.00199367    0.998993   0.0448235  0.00919809
-0.00280605   -0.044829    0.998991 -0.00449496
          0           0           0           1
T_world_lidar: 
   0.999994  0.00186588   0.0028926 -0.00719963
-0.00199367    0.998993   0.0448235  0.00919809
-0.00280605   -0.044829    0.998991 -0.00449496
          0           0           0           1
v_world_imu:   0.00197075    0.0045011 -0.000246447
frame_64
id: 64
stamp: 1773557939.347481012
T_odom_lidar: 
   0.999994  0.00183377  0.00302383 -0.00674248
-0.00196817    0.998982    0.045062  0.00942199
-0.00293812  -0.0450677     0.99898 -0.00448809
          0           0           0           1
T_world_lidar: 
   0.999994  0.00183377  0.00302383 -0.00674248
-0.00196817    0.998982    0.045062  0.00942199
-0.00293812  -0.0450677     0.99898 -0.00448809
          0           0           0           1
v_world_imu:   0.00447252  -0.00109614 -0.000688409
frame_65
id: 65
stamp: 1773557939.447466373
T_odom_lidar: 
   0.999994  0.00196734  0.00298775  -0.0065233
-0.00209936    0.998992   0.0448464  0.00936552
-0.00289651  -0.0448524    0.998989 -0.00471403
          0           0           0           1
T_world_lidar: 
   0.999994  0.00196734  0.00298775  -0.0065233
-0.00209936    0.998992   0.0448464  0.00936552
-0.00289651  -0.0448524    0.998989 -0.00471403
          0           0           0           1
v_world_imu: 2.41638e-05  0.00112339 -0.00343643
frame_66
id: 66
stamp: 1773557939.547511339
T_odom_lidar: 
   0.999994  0.00181367  0.00293815 -0.00660317
-0.00194462    0.998976   0.0451995  0.00933798
-0.00285316  -0.0452049    0.998974 -0.00496582
          0           0           0           1
T_world_lidar: 
   0.999994  0.00181367  0.00293815 -0.00660317
-0.00194462    0.998976   0.0451995  0.00933798
-0.00285316  -0.0452049    0.998974 -0.00496582
          0           0           0           1
v_world_imu: -0.00198794 -0.00326154 0.000824163
frame_67
id: 67
stamp: 1773557939.647645950
T_odom_lidar: 
   0.999994   0.0018513  0.00281395 -0.00694177
-0.00197524    0.998999   0.0446995  0.00888509
-0.00272838  -0.0447048    0.998997 -0.00460803
          0           0           0           1
T_world_lidar: 
   0.999994   0.0018513  0.00281395 -0.00694177
-0.00197524    0.998999   0.0446995  0.00888509
-0.00272838  -0.0447048    0.998997 -0.00460803
          0           0           0           1
v_world_imu:  -0.00508204 -0.000957195   0.00280477
frame_68
id: 68
stamp: 1773557939.747775078
T_odom_lidar: 
   0.999994   0.0015201  0.00303455 -0.00746231
-0.00165467    0.998992   0.0448475  0.00922572
-0.00296332  -0.0448522    0.998989 -0.00448773
          0           0           0           1
T_world_lidar: 
   0.999994   0.0015201  0.00303455 -0.00746231
-0.00165467    0.998992   0.0448475  0.00922572
-0.00296332  -0.0448522    0.998989 -0.00448773
          0           0           0           1
v_world_imu: -0.0038561  0.0026531 0.00109709
frame_69
id: 69
stamp: 1773557939.847889185
T_odom_lidar: 
   0.999994  0.00180422  0.00306218 -0.00768202
-0.00193961    0.998994   0.0448047  0.00904111
-0.00297826  -0.0448103    0.998991 -0.00435315
          0           0           0           1
T_world_lidar: 
   0.999994  0.00180422  0.00306218 -0.00768202
-0.00193961    0.998994   0.0448047  0.00904111
-0.00297826  -0.0448103    0.998991 -0.00435315
          0           0           0           1
v_world_imu: -0.00256954 -0.00241657 0.000124821
frame_70
id: 70
stamp: 1773557939.948024511
T_odom_lidar: 
   0.999994   0.0015751  0.00309484 -0.00796503
-0.00171249     0.99899   0.0449035  0.00920796
-0.00302098  -0.0449085    0.998987  -0.0044843
          0           0           0           1
T_world_lidar: 
   0.999994   0.0015751  0.00309484 -0.00796503
-0.00171249     0.99899   0.0449035  0.00920796
-0.00302098  -0.0449085    0.998987  -0.0044843
          0           0           0           1
v_world_imu: -0.00154326  0.00244886 -0.00177387
frame_71
id: 71
stamp: 1773557940.048391342
T_odom_lidar: 
   0.999994  0.00158992   0.0030704 -0.00795524
-0.00172631    0.998988   0.0449408  0.00902116
-0.00299584  -0.0449458    0.998985 -0.00451841
          0           0           0           1
T_world_lidar: 
   0.999994  0.00158992   0.0030704 -0.00795524
-0.00172631    0.998988   0.0449408  0.00902116
-0.00299584  -0.0449458    0.998985 -0.00451841
          0           0           0           1
v_world_imu: -0.000434968  -0.00373422  0.000935622
frame_72
id: 72
stamp: 1773557940.148596048
T_odom_lidar: 
   0.999994  0.00170432  0.00293916 -0.00814903
-0.00183488    0.998985   0.0450052  0.00899791
-0.00285947  -0.0450104    0.998982 -0.00437119
          0           0           0           1
T_world_lidar: 
   0.999994  0.00170432  0.00293916 -0.00814903
-0.00183488    0.998985   0.0450052  0.00899791
-0.00285947  -0.0450104    0.998982 -0.00437119
          0           0           0           1
v_world_imu: -0.00225327  0.00303761  0.00146598
frame_73
id: 73
stamp: 1773557940.248493671
T_odom_lidar: 
   0.999994  0.00137492  0.00307386 -0.00822211
-0.00151209    0.998982   0.0450799  0.00914235
-0.00300875  -0.0450842    0.998979  -0.0043338
          0           0           0           1
T_world_lidar: 
   0.999994  0.00137492  0.00307386 -0.00822211
-0.00151209    0.998982   0.0450799  0.00914235
-0.00300875  -0.0450842    0.998979  -0.0043338
          0           0           0           1
v_world_imu:  0.00143615 -0.00112217 2.96264e-05
frame_74
id: 74
stamp: 1773557940.348530293
T_odom_lidar: 
   0.999994  0.00172412  0.00297302 -0.00793307
-0.00185527    0.998999   0.0446895  0.00905639
  -0.002893  -0.0446947    0.998997 -0.00434363
          0           0           0           1
T_world_lidar: 
   0.999994  0.00172412  0.00297302 -0.00793307
-0.00185527    0.998999   0.0446895  0.00905639
  -0.002893  -0.0446947    0.998997 -0.00434363
          0           0           0           1
v_world_imu:   0.00227058   0.00252537 -0.000466173
frame_75
id: 75
stamp: 1773557940.448475838
T_odom_lidar: 
   0.999995  0.00137066  0.00285851 -0.00771673
-0.00149814    0.998982   0.0450818   0.0094779
-0.00279381  -0.0450859    0.998979 -0.00437818
          0           0           0           1
T_world_lidar: 
   0.999995  0.00137066  0.00285851 -0.00771673
-0.00149814    0.998982   0.0450818   0.0094779
-0.00279381  -0.0450859    0.998979 -0.00437818
          0           0           0           1
v_world_imu:  0.00320836  0.00195897 0.000393453
frame_76
id: 76
stamp: 1773557940.548490524
T_odom_lidar: 
   0.999994  0.00181858  0.00309012  -0.0073313
-0.00195518    0.998994   0.0447941  0.00928615
-0.00300555  -0.0447999    0.998991 -0.00424902
          0           0           0           1
T_world_lidar: 
   0.999994  0.00181858  0.00309012  -0.0073313
-0.00195518    0.998994   0.0447941  0.00928615
-0.00300555  -0.0447999    0.998991 -0.00424902
