id: 3
T_world_origin: 
-0.862487 -0.501536 0.0676558  0.334815
 0.505767 -0.858912 0.0804374  0.494841
0.0177681  0.103594  0.994461 0.0166189
        0         0         0         1
T_origin_endpoint_L: 
  0.846703  -0.525321  0.0844498   -5.36143
  0.515475    0.84923    0.11443    1.65637
  -0.13183 -0.0533565   0.989835   0.115071
         0          0          0          1
T_origin_endpoint_R: 
   0.954337   -0.297579  -0.0262287   -0.184379
   0.298686    0.948962    0.101281   0.0233545
-0.00524902    -0.10449    0.994512   -0.226559
          0           0           0           1
T_lidar_imu: 
     1      0      0  0.006
     0      1      0 -0.012
     0      0      1  0.008
     0      0      0      1
imu_bias:     0.105702   0.00247776    -0.115549 -1.33906e-05  -0.00678202  -0.00654618
frame_id: 2
num_frames: 1486
frame_0
id: 4581
stamp: 1773062469.666379213
T_odom_lidar: 
 -0.997781  0.0246675 -0.0618419    4.14971
-0.0260987  -0.999407  0.0224423    -3.6502
-0.0612517  0.0240065   0.997834    0.19436
         0          0          0          1
T_world_lidar: 
 -0.997781  0.0246675 -0.0618419    4.14971
-0.0260987  -0.999407  0.0224423    -3.6502
-0.0612517  0.0240065   0.997834    0.19436
         0          0          0          1
v_world_imu: -0.458026 0.0621238  -0.10972
frame_1
id: 4582
stamp: 1773062469.766897440
T_odom_lidar: 
 -0.997441  0.0398708 -0.0593463    4.10419
-0.0423111  -0.998285  0.0404476   -3.64639
-0.0576319  0.0428551   0.997418    0.18532
         0          0          0          1
T_world_lidar: 
 -0.997441  0.0398708 -0.0593463    4.10419
-0.0423111  -0.998285  0.0404476   -3.64639
-0.0576319  0.0428551   0.997418    0.18532
         0          0          0          1
v_world_imu:  -0.461749  0.0360383 -0.0938153
frame_2
id: 4583
stamp: 1773062469.867930174
T_odom_lidar: 
 -0.998208  0.0173478 -0.0572767    4.05957
-0.0199134   -0.99881  0.0445311   -3.63721
 -0.056436  0.0455918   0.997365   0.185589
         0          0          0          1
T_world_lidar: 
 -0.998208  0.0173478 -0.0572767    4.05957
-0.0199134   -0.99881  0.0445311   -3.63721
 -0.056436  0.0455918   0.997365   0.185589
         0          0          0          1
v_world_imu: -0.449557 0.0195645 0.0177822
frame_3
id: 4584
stamp: 1773062469.968868494
T_odom_lidar: 
  -0.997887 0.000991103  -0.0649611     4.01027
-0.00402456   -0.998906   0.0465823    -3.63435
 -0.0648438   0.0467453      0.9968    0.181124
          0           0           0           1
T_world_lidar: 
  -0.997887 0.000991103  -0.0649611     4.01027
-0.00402456   -0.998906   0.0465823    -3.63435
 -0.0648438   0.0467453      0.9968    0.181124
          0           0           0           1
v_world_imu:  -0.493897  0.0220549 -0.0446095
frame_4
id: 4585
stamp: 1773062470.068987370
T_odom_lidar: 
  -0.997897  0.00167205  -0.0647954     3.96066
-0.00464307   -0.998943    0.045729    -3.63198
 -0.0646505   0.0459337     0.99685    0.180769
          0           0           0           1
T_world_lidar: 
  -0.997897  0.00167205  -0.0647954     3.96066
-0.00464307   -0.998943    0.045729    -3.63198
 -0.0646505   0.0459337     0.99685    0.180769
          0           0           0           1
v_world_imu: -0.509516 0.0114713  0.134826
frame_5
id: 4586
stamp: 1773062470.168962479
T_odom_lidar: 
 -0.998143  0.0159404 -0.0587843    3.90987
-0.0188565  -0.998602  0.0493906   -3.63238
-0.0579148  0.0504074   0.997048   0.178576
         0          0          0          1
T_world_lidar: 
 -0.998143  0.0159404 -0.0587843    3.90987
-0.0188565  -0.998602  0.0493906   -3.63238
-0.0579148  0.0504074   0.997048   0.178576
         0          0          0          1
v_world_imu:  -0.490095  0.0393715 -0.0474932
frame_6
id: 4587
stamp: 1773062470.268934727
T_odom_lidar: 
 -0.997813  0.0267618 -0.0604376    3.86699
-0.0309477  -0.997107  0.0694204   -3.62622
-0.0584049   0.071139   0.995755   0.179639
         0          0          0          1
T_world_lidar: 
 -0.997813  0.0267618 -0.0604376    3.86699
-0.0309477  -0.997107  0.0694204   -3.62622
-0.0584049   0.071139   0.995755   0.179639
         0          0          0          1
v_world_imu: -0.379969  0.084886 0.0601896
frame_7
id: 4588
stamp: 1773062470.369134903
T_odom_lidar: 
 -0.998055 0.00526886 -0.0621233    3.83143
-0.0089015  -0.998257  0.0583438    -3.6201
-0.0617076  0.0587833   0.996362   0.180151
         0          0          0          1
T_world_lidar: 
 -0.998055 0.00526886 -0.0621233    3.83143
-0.0089015  -0.998257  0.0583438    -3.6201
-0.0617076  0.0587833   0.996362   0.180151
         0          0          0          1
v_world_imu:  -0.446296 -0.0765104  -0.100096
frame_8
id: 4589
stamp: 1773062470.468935251
T_odom_lidar: 
 -0.997788 -0.0106582 -0.0656183    3.78233
0.00763548  -0.998906  0.0461451   -3.62619
-0.0660383   0.045542   0.996777   0.163227
         0          0          0          1
T_world_lidar: 
 -0.997788 -0.0106582 -0.0656183    3.78233
0.00763548  -0.998906  0.0461451   -3.62619
-0.0660383   0.045542   0.996777   0.163227
         0          0          0          1
v_world_imu:   -0.49851 -0.0510253  -0.175371
frame_9
id: 4590
stamp: 1773062470.568638563
T_odom_lidar: 
 -0.998091 -0.0181377 -0.0590362    3.73114
 0.0157423  -0.999044  0.0407906   -3.62878
-0.0597195  0.0397833   0.997422   0.142846
         0          0          0          1
T_world_lidar: 
 -0.998091 -0.0181377 -0.0590362    3.73114
 0.0157423  -0.999044  0.0407906   -3.62878
-0.0597195  0.0397833   0.997422   0.142846
         0          0          0          1
v_world_imu: -0.524563 0.0176397 -0.115578
frame_10
id: 4591
stamp: 1773062470.667967796
T_odom_lidar: 
  -0.998104  0.00343711  -0.0614528     3.68618
-0.00538959   -0.999485   0.0316346    -3.63631
 -0.0613124   0.0319058    0.997609    0.142405
          0           0           0           1
T_world_lidar: 
  -0.998104  0.00343711  -0.0614528     3.68618
-0.00538959   -0.999485   0.0316346    -3.63631
 -0.0613124   0.0319058    0.997609    0.142405
          0           0           0           1
v_world_imu:  -0.430646  -0.042963 -0.0148259
frame_11
id: 4592
stamp: 1773062470.767557859
T_odom_lidar: 
 -0.997478  0.0146886 -0.0694436    3.64317
-0.0169687  -0.999332  0.0323592   -3.63824
-0.0689219  0.0334559   0.997061   0.143341
         0          0          0          1
T_world_lidar: 
 -0.997478  0.0146886 -0.0694436    3.64317
-0.0169687  -0.999332  0.0323592   -3.63824
-0.0689219  0.0334559   0.997061   0.143341
         0          0          0          1
v_world_imu:   -0.409696  -0.0166863 -0.00137639
frame_12
id: 4593
stamp: 1773062470.867717981
T_odom_lidar: 
 -0.997013 0.00651194 -0.0769552    3.59821
-0.0089725  -0.999458  0.0316715   -3.63491
-0.0767073  0.0322673   0.996531   0.146718
         0          0          0          1
T_world_lidar: 
 -0.997013 0.00651194 -0.0769552    3.59821
-0.0089725  -0.999458  0.0316715   -3.63491
-0.0767073  0.0322673   0.996531   0.146718
         0          0          0          1
v_world_imu:  -0.469427  0.0284458 -0.0109636
frame_13
id: 4594
stamp: 1773062470.967803717
T_odom_lidar: 
 -0.997807 -0.0158182  -0.064269    3.55325
 0.0146856  -0.999729  0.0180579   -3.64423
-0.0645372  0.0170744   0.997769   0.147632
         0          0          0          1
T_world_lidar: 
 -0.997807 -0.0158182  -0.064269    3.55325
 0.0146856  -0.999729  0.0180579   -3.64423
-0.0645372  0.0170744   0.997769   0.147632
         0          0          0          1
v_world_imu:   -0.443755   -0.121988 -0.00226582
frame_14
id: 4595
stamp: 1773062471.067724943
T_odom_lidar: 
   -0.99736  -0.0349884  -0.0636297     3.51114
  0.0353628   -0.999363 -0.00476784    -3.65818
 -0.0634223 -0.00700537    0.997962    0.143135
          0           0           0           1
T_world_lidar: 
   -0.99736  -0.0349884  -0.0636297     3.51114
  0.0353628   -0.999363 -0.00476784    -3.65818
 -0.0634223 -0.00700537    0.997962    0.143135
          0           0           0           1
v_world_imu:  -0.412842  -0.140741 -0.0882073
frame_15
id: 4596
stamp: 1773062471.167356730
T_odom_lidar: 
  -0.998079  -0.0110652  -0.0609606     3.46315
  0.0115626   -0.999903  -0.0078132    -3.66739
 -0.0608682 -0.00850306     0.99811    0.146271
          0           0           0           1
T_world_lidar: 
  -0.998079  -0.0110652  -0.0609606     3.46315
  0.0115626   -0.999903  -0.0078132    -3.66739
 -0.0608682 -0.00850306     0.99811    0.146271
          0           0           0           1
v_world_imu:   -0.478725  -0.0807028 -0.00690797
frame_16
id: 4597
stamp: 1773062471.267290831
T_odom_lidar: 
  -0.997522  0.00347636  -0.0702736     3.41661
-0.00379471   -0.999983  0.00439707    -3.66996
 -0.0702571  0.00465284    0.997518    0.143414
          0           0           0           1
T_world_lidar: 
  -0.997522  0.00347636  -0.0702736     3.41661
-0.00379471   -0.999983  0.00439707    -3.66996
 -0.0702571  0.00465284    0.997518    0.143414
          0           0           0           1
v_world_imu:  -0.458645 -0.0173198 -0.0583967
frame_17
id: 4598
stamp: 1773062471.367553234
T_odom_lidar: 
  -0.997029  0.00740788  -0.0766678     3.37075
-0.00836568   -0.999891   0.0121791    -3.66973
 -0.0765692   0.0127843    0.996982    0.137134
          0           0           0           1
T_world_lidar: 
  -0.997029  0.00740788  -0.0766678     3.37075
-0.00836568   -0.999891   0.0121791    -3.66973
 -0.0765692   0.0127843    0.996982    0.137134
          0           0           0           1
v_world_imu:   -0.498929   0.0464117 -0.00327459
frame_18
id: 4599
stamp: 1773062471.468105555
T_odom_lidar: 
  -0.997744 -0.00997037  -0.0663923     3.32228
 0.00968072   -0.999942  0.00468304    -3.66417
 -0.0664352  0.00402975    0.997783    0.141928
          0           0           0           1
T_world_lidar: 
  -0.997744 -0.00997037  -0.0663923     3.32228
 0.00968072   -0.999942  0.00468304    -3.66417
 -0.0664352  0.00402975    0.997783    0.141928
          0           0           0           1
v_world_imu:  -0.510589  0.0563122 -0.0499249
frame_19
id: 4600
stamp: 1773062471.568875313
T_odom_lidar: 
  -0.992803  -0.0715151  -0.0960564     3.27544
  0.0715429   -0.997433  0.00315896    -3.65131
 -0.0960357 -0.00373593    0.995371    0.132922
          0           0           0           1
T_world_lidar: 
  -0.992803  -0.0715151  -0.0960564     3.27544
  0.0715429   -0.997433  0.00315896    -3.65131
 -0.0960357 -0.00373593    0.995371    0.132922
          0           0           0           1
v_world_imu: -0.380113  0.230856 -0.152736
frame_20
id: 4601
stamp: 1773062471.669398308
T_odom_lidar: 
  -0.984738   -0.142654  -0.0997016     3.25111
   0.141895   -0.989773   0.0147015    -3.63111
  -0.100779 0.000330045    0.994909    0.129712
          0           0           0           1
T_world_lidar: 
  -0.984738   -0.142654  -0.0997016     3.25111
   0.141895   -0.989773   0.0147015    -3.63111
  -0.100779 0.000330045    0.994909    0.129712
          0           0           0           1
v_world_imu: -0.0904842    0.14212  0.0801116
frame_21
id: 4602
stamp: 1773062471.769709110
T_odom_lidar: 
 -0.975791  -0.211447 -0.0558694    3.24672
  0.208081  -0.976239  0.0604897   -3.60806
-0.0673323     0.0474   0.996604   0.142953
         0          0          0          1
T_world_lidar: 
 -0.975791  -0.211447 -0.0558694    3.24672
  0.208081  -0.976239  0.0604897   -3.60806
-0.0673323     0.0474   0.996604   0.142953
         0          0          0          1
v_world_imu: 0.0179731  0.267988 0.0982995
frame_22
id: 4603
stamp: 1773062471.869648933
T_odom_lidar: 
 -0.960239  -0.276675 -0.0373011    3.25238
   0.27314  -0.958685  0.0794813   -3.58071
-0.0577505  0.0661326   0.996138   0.153221
         0          0          0          1
T_world_lidar: 
 -0.960239  -0.276675 -0.0373011    3.25238
   0.27314  -0.958685  0.0794813   -3.58071
-0.0577505  0.0661326   0.996138   0.153221
         0          0          0          1
v_world_imu: 0.0943317  0.270417  0.104441
frame_23
id: 4604
stamp: 1773062471.969742775
T_odom_lidar: 
 -0.934782  -0.354964 -0.0135277      3.271
  0.352722   -0.93204  0.0829929   -3.55568
-0.0420678  0.0728087   0.996458   0.164828
         0          0          0          1
T_world_lidar: 
 -0.934782  -0.354964 -0.0135277      3.271
  0.352722   -0.93204  0.0829929   -3.55568
-0.0420678  0.0728087   0.996458   0.164828
         0          0          0          1
v_world_imu:   0.191112   0.222499 0.00293433
frame_24
id: 4605
stamp: 1773062472.069563150
T_odom_lidar: 
 -0.894793  -0.446329 -0.0116891    3.28696
  0.443571  -0.891639  0.0906905   -3.53337
-0.0509003  0.0759643   0.995811    0.15816
         0          0          0          1
T_world_lidar: 
 -0.894793  -0.446329 -0.0116891    3.28696
  0.443571  -0.891639  0.0906905   -3.53337
-0.0509003  0.0759643   0.995811    0.15816
         0          0          0          1
v_world_imu: 0.175878 0.241473 -0.06326
frame_25
id: 4606
stamp: 1773062472.168613672
T_odom_lidar: 
 -0.860149   -0.51004 0.00173666    3.29701
  0.507385  -0.855314   0.104877   -3.51697
-0.0520062  0.0910913   0.994484   0.153863
         0          0          0          1
T_world_lidar: 
 -0.860149   -0.51004 0.00173666    3.29701
  0.507385  -0.855314   0.104877   -3.51697
-0.0520062  0.0910913   0.994484   0.153863
         0          0          0          1
v_world_imu:   0.0701607 -0.00632937   -0.053116
frame_26
id: 4607
stamp: 1773062472.266951561
T_odom_lidar: 
 -0.855067  -0.518254 -0.0165479    3.30255
  0.515633  -0.853238  0.0781493   -3.52054
-0.0546205  0.0582902   0.996804   0.156909
         0          0          0          1
T_world_lidar: 
 -0.855067  -0.518254 -0.0165479    3.30255
  0.515633  -0.853238  0.0781493   -3.52054
-0.0546205  0.0582902   0.996804   0.156909
         0          0          0          1
v_world_imu: 0.0604987 -0.049101  0.063279
frame_27
id: 4608
stamp: 1773062472.365514040
T_odom_lidar: 
 -0.864885  -0.501655  -0.017772    3.30902
  0.499449  -0.863546  0.0695601   -3.52626
-0.0502421  0.0512853   0.997419   0.163916
         0          0          0          1
T_world_lidar: 
 -0.864885  -0.501655  -0.017772    3.30902
  0.499449  -0.863546  0.0695601   -3.52626
-0.0502421  0.0512853   0.997419   0.163916
         0          0          0          1
v_world_imu:  0.0642406 -0.0582685  0.0851422
frame_28
id: 4609
stamp: 1773062472.465016127
T_odom_lidar: 
 -0.865736  -0.500334 -0.0129029    3.31662
  0.498492  -0.864283  0.0672286   -3.53353
-0.0447885  0.0517703   0.997654   0.173191
         0          0          0          1
T_world_lidar: 
 -0.865736  -0.500334 -0.0129029    3.31662
  0.498492  -0.864283  0.0672286   -3.53353
-0.0447885  0.0517703   0.997654   0.173191
         0          0          0          1
v_world_imu:   0.124225 -0.0443035   0.135481
frame_29
id: 4610
stamp: 1773062472.564943314
T_odom_lidar: 
 -0.861544  -0.507421  0.0163352    3.32995
  0.507428  -0.859643  0.0594222   -3.53213
-0.0161096  0.0594837   0.998099   0.187739
         0          0          0          1
T_world_lidar: 
 -0.861544  -0.507421  0.0163352    3.32995
  0.507428  -0.859643  0.0594222   -3.53213
-0.0161096  0.0594837   0.998099   0.187739
         0          0          0          1
v_world_imu: 0.0945381   0.02267  0.101806
frame_30
id: 4611
stamp: 1773062472.664768457
T_odom_lidar: 
 -0.865581  -0.500417  0.0187423    3.33719
  0.500659  -0.864005  0.0532497   -3.52437
-0.0104536  0.0554754   0.998405   0.182288
         0          0          0          1
T_world_lidar: 
 -0.865581  -0.500417  0.0187423    3.33719
  0.500659  -0.864005  0.0532497   -3.52437
-0.0104536  0.0554754   0.998405   0.182288
         0          0          0          1
v_world_imu:  0.0776905   0.123059 -0.0624474
frame_31
id: 4612
stamp: 1773062472.764989853
T_odom_lidar: 
 -0.881024  -0.471601  0.0372761    3.34897
     0.473   -0.87953  0.0519407   -3.50762
0.00829011  0.0633926   0.997954   0.179768
         0          0          0          1
T_world_lidar: 
 -0.881024  -0.471601  0.0372761    3.34897
     0.473   -0.87953  0.0519407   -3.50762
0.00829011  0.0633926   0.997954   0.179768
         0          0          0          1
v_world_imu:   0.168005   0.192843 -0.0102565
frame_32
id: 4613
stamp: 1773062472.866096020
T_odom_lidar: 
  -0.87874  -0.474918  0.0476406    3.36377
  0.477251  -0.875708  0.0732634   -3.48266
0.00692513   0.087116   0.996174   0.180288
         0          0          0          1
T_world_lidar: 
  -0.87874  -0.474918  0.0476406    3.36377
  0.477251  -0.875708  0.0732634   -3.48266
0.00692513   0.087116   0.996174   0.180288
         0          0          0          1
v_world_imu: 0.0698762  0.322675 0.0124056
frame_33
id: 4614
stamp: 1773062472.967317343
T_odom_lidar: 
 -0.869429  -0.493488  0.0237265    3.35922
  0.492482  -0.861823   0.121339   -3.45544
-0.0394311    0.11718   0.992328   0.167258
         0          0          0          1
T_world_lidar: 
 -0.869429  -0.493488  0.0237265    3.35922
  0.492482  -0.861823   0.121339   -3.45544
-0.0394311    0.11718   0.992328   0.167258
         0          0          0          1
v_world_imu: -0.137201  0.293847 -0.159345
frame_34
id: 4615
stamp: 1773062473.068319082
T_odom_lidar: 
 -0.856947  -0.515364 0.00645267    3.33703
  0.511398   -0.84866   0.135086   -3.42053
-0.0641421   0.119061   0.990813   0.149922
         0          0          0          1
T_world_lidar: 
 -0.856947  -0.515364 0.00645267    3.33703
  0.511398   -0.84866   0.135086   -3.42053
-0.0641421   0.119061   0.990813   0.149922
         0          0          0          1
v_world_imu:   -0.27235   0.295114 -0.0395244
frame_35
id: 4616
stamp: 1773062473.168470383
T_odom_lidar: 
  -0.858856   -0.512217 0.000170132     3.30618
   0.508182   -0.852048    0.125555     -3.3987
 -0.0641663     0.10792    0.992087     0.14759
          0           0           0           1
T_world_lidar: 
  -0.858856   -0.512217 0.000170132     3.30618
   0.508182   -0.852048    0.125555     -3.3987
 -0.0641663     0.10792    0.992087     0.14759
          0           0           0           1
v_world_imu:  -0.291938   0.209268 -0.0661323
frame_36
id: 4617
stamp: 1773062473.268562794
T_odom_lidar: 
  -0.864954   -0.501812 -0.00631232     3.27729
   0.497586   -0.859169    0.119318    -3.37917
 -0.0652986    0.100064    0.992836    0.141153
          0           0           0           1
T_world_lidar: 
  -0.864954   -0.501812 -0.00631232     3.27729
   0.497586   -0.859169    0.119318    -3.37917
 -0.0652986    0.100064    0.992836    0.141153
          0           0           0           1
v_world_imu:  -0.286743   0.185392 -0.0613259
frame_37
id: 4618
stamp: 1773062473.368741751
T_odom_lidar: 
  -0.864007   -0.503425 -0.00743783     3.24943
   0.498054   -0.856764    0.133784    -3.35937
 -0.0737225    0.111886    0.990983    0.139571
          0           0           0           1
T_world_lidar: 
  -0.864007   -0.503425 -0.00743783     3.24943
   0.498054   -0.856764    0.133784    -3.35937
 -0.0737225    0.111886    0.990983    0.139571
          0           0           0           1
v_world_imu: -0.243093  0.209661  0.130706
frame_38
id: 4619
stamp: 1773062473.468541861
T_odom_lidar: 
 -0.856128  -0.516459 -0.0177351    3.21807
   0.51306  -0.853593  0.0902713   -3.34378
  -0.06176  0.0681846   0.995759   0.143586
         0          0          0          1
T_world_lidar: 
 -0.856128  -0.516459 -0.0177351    3.21807
   0.51306  -0.853593  0.0902713   -3.34378
  -0.06176  0.0681846   0.995759   0.143586
         0          0          0          1
v_world_imu:   -0.380894    0.112008 -0.00698212
frame_39
id: 4620
stamp: 1773062473.567898989
T_odom_lidar: 
  -0.86745  -0.496116 -0.0374171    3.18339
  0.492248  -0.866742  0.0803129   -3.33761
-0.0722755  0.0512489   0.996067   0.140673
         0          0          0          1
T_world_lidar: 
  -0.86745  -0.496116 -0.0374171    3.18339
  0.492248  -0.866742  0.0803129   -3.33761
-0.0722755  0.0512489   0.996067   0.140673
         0          0          0          1
v_world_imu:  -0.302782  0.0381404 -0.0061173
frame_40
id: 4621
stamp: 1773062473.666830063
T_odom_lidar: 
 -0.901712  -0.430293 -0.0419868    3.16005
  0.426964   -0.90156  0.0699341   -3.33998
-0.0679458  0.0451335   0.996668   0.144407
         0          0          0          1
T_world_lidar: 
 -0.901712  -0.430293 -0.0419868    3.16005
  0.426964   -0.90156  0.0699341   -3.33998
-0.0679458  0.0451335   0.996668   0.144407
         0          0          0          1
v_world_imu:  -0.120381 -0.0518738  0.0735147
frame_41
id: 4622
stamp: 1773062473.765682697
T_odom_lidar: 
 -0.938602  -0.343911   -0.02741    3.15641
  0.341195  -0.937081  0.0739211   -3.34775
-0.0511077  0.0600303   0.996887   0.147204
         0          0          0          1
T_world_lidar: 
 -0.938602  -0.343911   -0.02741    3.15641
  0.341195  -0.937081  0.0739211   -3.34775
-0.0511077  0.0600303   0.996887   0.147204
         0          0          0          1
v_world_imu: 0.00805928 -0.0864259 0.00954417
frame_42
id: 4623
stamp: 1773062473.865126610
T_odom_lidar: 
  -0.96736  -0.252031 -0.0263708    3.16434
  0.249485  -0.965455  0.0751908   -3.35661
-0.0444103  0.0661575    0.99682   0.150241
         0          0          0          1
T_world_lidar: 
  -0.96736  -0.252031 -0.0263708    3.16434
  0.249485  -0.965455  0.0751908   -3.35661
-0.0444103  0.0661575    0.99682   0.150241
         0          0          0          1
v_world_imu:    0.202505 -0.00605546    0.152764
frame_43
id: 4624
stamp: 1773062473.965575695
T_odom_lidar: 
 -0.981688  -0.189047 -0.0234431    3.17517
  0.187012   -0.97984  0.0702911   -3.37218
-0.0362588  0.0646198   0.997251   0.153862
         0          0          0          1
T_world_lidar: 
 -0.981688  -0.189047 -0.0234431    3.17517
  0.187012   -0.97984  0.0702911   -3.37218
-0.0362588  0.0646198   0.997251   0.153862
         0          0          0          1
v_world_imu: 0.0916944 -0.205109 0.0227883
frame_44
id: 4625
stamp: 1773062474.066089392
T_odom_lidar: 
 -0.992242  -0.122038 -0.0237336    3.18708
  0.120462   -0.99095  0.0592193   -3.39555
-0.0307458  0.0559009   0.997963   0.160089
         0          0          0          1
T_world_lidar: 
 -0.992242  -0.122038 -0.0237336    3.18708
  0.120462   -0.99095  0.0592193   -3.39555
-0.0307458  0.0559009   0.997963   0.160089
         0          0          0          1
v_world_imu:  0.132758 -0.291378 0.0753933
frame_45
id: 4626
stamp: 1773062474.166919470
T_odom_lidar: 
 -0.997235 -0.0717476 -0.0193621    3.20016
 0.0712014  -0.997081  0.0275592   -3.42278
-0.0212829  0.0261044   0.999433   0.167645
         0          0          0          1
T_world_lidar: 
 -0.997235 -0.0717476 -0.0193621    3.20016
 0.0712014  -0.997081  0.0275592   -3.42278
-0.0212829  0.0261044   0.999433   0.167645
         0          0          0          1
v_world_imu: 0.0267253 -0.201749 0.0240553
frame_46
id: 4627
stamp: 1773062474.267962456
T_odom_lidar: 
 -0.998331 -0.0476696 -0.0326138    3.19816
 0.0472271  -0.998783  0.0142055   -3.43207
-0.0332513  0.0126415   0.999367   0.165757
         0          0          0          1
T_world_lidar: 
 -0.998331 -0.0476696 -0.0326138    3.19816
 0.0472271  -0.998783  0.0142055   -3.43207
-0.0332513  0.0126415   0.999367   0.165757
         0          0          0          1
v_world_imu: -0.0699476 -0.0303046  0.0449943
frame_47
id: 4628
stamp: 1773062474.368910313
T_odom_lidar: 
  -0.998873  -0.0295084  -0.0371747       3.188
  0.0296868    -0.99955 -0.00425697      -3.429
 -0.0370324 -0.00535577      0.9993    0.171902
          0           0           0           1
T_world_lidar: 
  -0.998873  -0.0295084  -0.0371747       3.188
  0.0296868    -0.99955 -0.00425697      -3.429
 -0.0370324 -0.00535577      0.9993    0.171902
          0           0           0           1
v_world_imu:  -0.20767 0.0333166 0.0350125
frame_48
id: 4629
stamp: 1773062474.469654799
T_odom_lidar: 
 -0.998554 -0.0422268 -0.0332666    3.15541
 0.0410911  -0.998573  0.0341148   -3.42037
-0.0346597  0.0326986   0.998864   0.166099
         0          0          0          1
T_world_lidar: 
 -0.998554 -0.0422268 -0.0332666    3.15541
 0.0410911  -0.998573  0.0341148   -3.42037
-0.0346597  0.0326986   0.998864   0.166099
         0          0          0          1
v_world_imu: -0.386244 0.0566744 -0.194125
frame_49
id: 4630
stamp: 1773062474.570326567
T_odom_lidar: 
 -0.996644  -0.060575 -0.0550494    3.11445
 0.0577858  -0.997029   0.050922   -3.41093
-0.0579704    0.04757   0.997184   0.150143
         0          0          0          1
T_world_lidar: 
 -0.996644  -0.060575 -0.0550494    3.11445
 0.0577858  -0.997029   0.050922   -3.41093
-0.0579704    0.04757   0.997184   0.150143
         0          0          0          1
v_world_imu:  -0.42431  0.126224 -0.174971
frame_50
id: 4631
stamp: 1773062474.670016527
T_odom_lidar: 
 -0.996419  -0.061387 -0.0581382    3.07305
 0.0582014  -0.996789  0.0549876   -3.40412
 -0.061327   0.051407   0.996793     0.1436
         0          0          0          1
T_world_lidar: 
 -0.996419  -0.061387 -0.0581382    3.07305
 0.0582014  -0.996789  0.0549876   -3.40412
 -0.061327   0.051407   0.996793     0.1436
         0          0          0          1
v_world_imu: -0.361521 0.0927352 0.0101996
frame_51
id: 4632
stamp: 1773062474.769461870
T_odom_lidar: 
 -0.997361  -0.048057 -0.0544226    3.03297
 0.0445078  -0.996915  0.0646496   -3.40053
-0.0573616  0.0620568   0.996423   0.145299
         0          0          0          1
T_world_lidar: 
 -0.997361  -0.048057 -0.0544226    3.03297
 0.0445078  -0.996915  0.0646496   -3.40053
-0.0573616  0.0620568   0.996423   0.145299
         0          0          0          1
v_world_imu:   -0.40882  0.0130513 -0.0188281
frame_52
id: 4633
stamp: 1773062474.868934155
T_odom_lidar: 
 -0.998505 -0.0362251 -0.0409246    2.98955
 0.0327389  -0.996023  0.0828609   -3.40003
-0.0437635  0.0813973    0.99572    0.14716
         0          0          0          1
T_world_lidar: 
 -0.998505 -0.0362251 -0.0409246    2.98955
 0.0327389  -0.996023  0.0828609   -3.40003
-0.0437635  0.0813973    0.99572    0.14716
         0          0          0          1
v_world_imu:    -0.488787 -0.000981103  -0.00260958
frame_53
id: 4634
stamp: 1773062474.968507767
T_odom_lidar: 
  -0.99684 -0.0531814  -0.059009    2.95117
 0.0489673  -0.996295  0.0706976   -3.38813
-0.0625501  0.0675847   0.995751   0.152371
         0          0          0          1
T_world_lidar: 
  -0.99684 -0.0531814  -0.059009    2.95117
 0.0489673  -0.996295  0.0706976   -3.38813
-0.0625501  0.0675847   0.995751   0.152371
         0          0          0          1
v_world_imu:  -0.360733  0.0727235 -0.0112505
frame_54
id: 4635
stamp: 1773062475.068236589
T_odom_lidar: 
 -0.995565 -0.0712106 -0.0614812    2.90912
 0.0670597  -0.995488   0.067128   -3.38453
 -0.065984  0.0627073   0.995848   0.143424
         0          0          0          1
T_world_lidar: 
 -0.995565 -0.0712106 -0.0614812    2.90912
 0.0670597  -0.995488   0.067128   -3.38453
 -0.065984  0.0627073   0.995848   0.143424
         0          0          0          1
v_world_imu:  -0.432341 -0.0274407  -0.134684
frame_55
id: 4636
stamp: 1773062475.167460918
T_odom_lidar: 
 -0.994902 -0.0770983  -0.065002    2.86629
 0.0730657   -0.99538  0.0622881   -3.39507
 -0.069504  0.0572211   0.995939   0.129437
         0          0          0          1
T_world_lidar: 
 -0.994902 -0.0770983  -0.065002    2.86629
 0.0730657   -0.99538  0.0622881   -3.39507
 -0.069504  0.0572211   0.995939   0.129437
         0          0          0          1
v_world_imu:  -0.419364  -0.132175 -0.0431641
frame_56
id: 4637
stamp: 1773062475.266690254
T_odom_lidar: 
 -0.995968  -0.061389 -0.0654141    2.82417
 0.0586602  -0.997358  0.0428516   -3.39463
-0.0678719  0.0388417   0.996938   0.126657
         0          0          0          1
T_world_lidar: 
 -0.995968  -0.061389 -0.0654141    2.82417
 0.0586602  -0.997358  0.0428516   -3.39463
-0.0678719  0.0388417   0.996938   0.126657
         0          0          0          1
v_world_imu:  -0.439578  0.0354487 -0.0232333
frame_57
id: 4638
stamp: 1773062475.366465330
T_odom_lidar: 
 -0.996239 -0.0492528 -0.0712929    2.78023
  0.045851  -0.997766  0.0485914   -3.39276
-0.0735269  0.0451398   0.996271   0.123293
         0          0          0          1
T_world_lidar: 
 -0.996239 -0.0492528 -0.0712929    2.78023
  0.045851  -0.997766  0.0485914   -3.39276
-0.0735269  0.0451398   0.996271   0.123293
         0          0          0          1
v_world_imu:  -0.463684 -0.0187149 -0.0373798
frame_58
id: 4639
stamp: 1773062475.466953754
T_odom_lidar: 
  -0.99529 -0.0719854 -0.0649298    2.73385
 0.0697918  -0.996932  0.0354447   -3.38763
 -0.067282  0.0307461    0.99726   0.130018
         0          0          0          1
T_world_lidar: 
  -0.99529 -0.0719854 -0.0649298    2.73385
 0.0697918  -0.996932  0.0354447   -3.38763
 -0.067282  0.0307461    0.99726   0.130018
         0          0          0          1
v_world_imu: -0.467852  0.160662   0.16281
frame_59
id: 4640
stamp: 1773062475.567904234
T_odom_lidar: 
  -0.98771  -0.134089  -0.080312    2.69422
  0.131684  -0.990689  0.0345517   -3.36843
-0.0841973  0.0235513   0.996171   0.125412
         0          0          0          1
T_world_lidar: 
  -0.98771  -0.134089  -0.080312    2.69422
  0.131684  -0.990689  0.0345517   -3.36843
-0.0841973  0.0235513   0.996171   0.125412
         0          0          0          1
v_world_imu:  -0.34673  0.248399 -0.174373
frame_60
id: 4641
stamp: 1773062475.668789864
T_odom_lidar: 
-0.969277 -0.224302  -0.10095   2.66538
  0.22076 -0.974283 0.0451324  -3.34264
-0.108477 0.0214601  0.993867   0.11451
        0         0         0         1
T_world_lidar: 
-0.969277 -0.224302  -0.10095   2.66538
  0.22076 -0.974283 0.0451324  -3.34264
-0.108477 0.0214601  0.993867   0.11451
        0         0         0         1
v_world_imu: -0.187731  0.224122 0.0676472
frame_61
id: 4642
stamp: 1773062475.768978357
T_odom_lidar: 
 -0.956725  -0.283374 -0.0661528    2.66344
  0.279541  -0.958158  0.0615716   -3.32083
-0.0808326  0.0404147   0.995908   0.128691
         0          0          0          1
T_world_lidar: 
 -0.956725  -0.283374 -0.0661528    2.66344
  0.279541  -0.958158  0.0615716   -3.32083
-0.0808326  0.0404147   0.995908   0.128691
         0          0          0          1
v_world_imu: 0.0557891  0.233528 0.0909399
frame_62
id: 4643
stamp: 1773062475.868807793
T_odom_lidar: 
 -0.936705  -0.347708 -0.0410315    2.67206
  0.343782  -0.935608  0.0803209   -3.30261
-0.0663176   0.061131   0.995924   0.132536
         0          0          0          1
T_world_lidar: 
 -0.936705  -0.347708 -0.0410315    2.67206
  0.343782  -0.935608  0.0803209   -3.30261
-0.0663176   0.061131   0.995924   0.132536
         0          0          0          1
v_world_imu:   0.14275  0.135222 0.0240822
frame_63
id: 4644
stamp: 1773062475.968706369
T_odom_lidar: 
 -0.907753  -0.418816 -0.0240264    2.68859
  0.415633  -0.905662  0.0838195   -3.28598
-0.0568648  0.0661012   0.996191   0.139641
         0          0          0          1
T_world_lidar: 
 -0.907753  -0.418816 -0.0240264    2.68859
  0.415633  -0.905662  0.0838195   -3.28598
-0.0568648  0.0661012   0.996191   0.139641
         0          0          0          1
v_world_imu: 0.189398 0.220334 0.116173
frame_64
id: 4645
stamp: 1773062476.068255663
T_odom_lidar: 
  -0.880801   -0.473398 -0.00918045     2.69616
   0.472108    -0.87955   0.0592153    -3.27339
  -0.036107   0.0478227    0.998203    0.138593
          0           0           0           1
T_world_lidar: 
  -0.880801   -0.473398 -0.00918045     2.69616
   0.472108    -0.87955   0.0592153    -3.27339
  -0.036107   0.0478227    0.998203    0.138593
          0           0           0           1
v_world_imu: -0.0315074  0.0562582 -0.0497123
frame_65
id: 4646
stamp: 1773062476.167218447
T_odom_lidar: 
  -0.86029  -0.509805 5.8209e-05    2.68122
  0.509261  -0.859367  0.0462773   -3.27093
-0.0235424  0.0398415   0.998929   0.135595
         0          0          0          1
T_world_lidar: 
  -0.86029  -0.509805 5.8209e-05    2.68122
  0.509261  -0.859367  0.0462773   -3.27093
-0.0235424  0.0398415   0.998929   0.135595
         0          0          0          1
v_world_imu:  -0.227525  0.0229123 0.00886641
frame_66
id: 4647
stamp: 1773062476.266103745
T_odom_lidar: 
  -0.865133   -0.500658  -0.0297823     2.65488
    0.50046   -0.865641    0.014296    -3.27762
 -0.0329382 -0.00253696    0.999454    0.140951
          0           0           0           1
T_world_lidar: 
  -0.865133   -0.500658  -0.0297823     2.65488
    0.50046   -0.865641    0.014296    -3.27762
 -0.0329382 -0.00253696    0.999454    0.140951
          0           0           0           1
v_world_imu:  -0.290265 -0.0207306  -0.084206
frame_67
id: 4648
stamp: 1773062476.365246534
T_odom_lidar: 
  -0.871183   -0.483001  -0.0880372     2.62099
   0.485516   -0.874188 -0.00839611    -3.27476
 -0.0729057   -0.050058    0.996082    0.130724
          0           0           0           1
T_world_lidar: 
  -0.871183   -0.483001  -0.0880372     2.62099
   0.485516   -0.874188 -0.00839611    -3.27476
 -0.0729057   -0.050058    0.996082    0.130724
          0           0           0           1
v_world_imu:  -0.383205  0.0661369 -0.0659988
frame_68
id: 4649
stamp: 1773062476.465162992
T_odom_lidar: 
  -0.870192   -0.482698  -0.0988406     2.57952
   0.485757   -0.874057 -0.00806057    -3.26021
 -0.0825015  -0.0550268    0.995071    0.126796
          0           0           0           1
T_world_lidar: 
  -0.870192   -0.482698  -0.0988406     2.57952
   0.485757   -0.874057 -0.00806057    -3.26021
 -0.0825015  -0.0550268    0.995071    0.126796
          0           0           0           1
v_world_imu:  -0.44211  0.224955 0.0205366
frame_69
id: 4650
stamp: 1773062476.565604687
T_odom_lidar: 
 -0.863015  -0.495293 -0.0994522    2.53339
  0.498647  -0.866741 -0.0105471   -3.24231
-0.0809754 -0.0586938   0.994986   0.120968
         0          0          0          1
T_world_lidar: 
 -0.863015  -0.495293 -0.0994522    2.53339
  0.498647  -0.866741 -0.0105471   -3.24231
-0.0809754 -0.0586938   0.994986   0.120968
         0          0          0          1
v_world_imu: -0.440051  0.193991 -0.108304
frame_70
id: 4651
stamp: 1773062476.666041136
T_odom_lidar: 
  -0.85839  -0.502932  -0.101123    2.48946
  0.506792  -0.861936 -0.0151321   -3.22036
-0.0795508 -0.0642374   0.994759   0.106948
         0          0          0          1
T_world_lidar: 
  -0.85839  -0.502932  -0.101123    2.48946
  0.506792  -0.861936 -0.0151321   -3.22036
-0.0795508 -0.0642374   0.994759   0.106948
         0          0          0          1
v_world_imu: -0.435234   0.26035  -0.16757
frame_71
id: 4652
stamp: 1773062476.766175747
T_odom_lidar: 
 -0.869564  -0.485139 -0.0921924     2.4477
  0.487513  -0.873108 -0.0037476   -3.20093
-0.0786758 -0.0482038   0.995734    0.10831
         0          0          0          1
T_world_lidar: 
 -0.869564  -0.485139 -0.0921924     2.4477
  0.487513  -0.873108 -0.0037476   -3.20093
-0.0786758 -0.0482038   0.995734    0.10831
         0          0          0          1
v_world_imu: -0.389701   0.22529 0.0949877
frame_72
id: 4653
stamp: 1773062476.866504669
T_odom_lidar: 
 -0.878285  -0.472638 -0.0723119    2.41003
  0.472548  -0.881091   0.019433   -3.17286
-0.0728981 -0.0171031   0.997193   0.114174
         0          0          0          1
T_world_lidar: 
 -0.878285  -0.472638 -0.0723119    2.41003
  0.472548  -0.881091   0.019433   -3.17286
-0.0728981 -0.0171031   0.997193   0.114174
         0          0          0          1
v_world_imu: -0.349028  0.313444 0.0515316
frame_73
id: 4654
stamp: 1773062476.967103958
T_odom_lidar: 
  -0.876541   -0.476192  -0.0701261     2.37733
   0.474585   -0.879341   0.0390922    -3.14332
 -0.0802802 0.000985092    0.996772     0.11941
          0           0           0           1
T_world_lidar: 
  -0.876541   -0.476192  -0.0701261     2.37733
   0.474585   -0.879341   0.0390922    -3.14332
 -0.0802802 0.000985092    0.996772     0.11941
          0           0           0           1
v_world_imu: -0.274144  0.318374   0.09199
frame_74
id: 4655
stamp: 1773062477.067891359
T_odom_lidar: 
  -0.866692   -0.494199  -0.0679171     2.33428
   0.493091   -0.869337   0.0333824    -3.11334
 -0.0755404 -0.00455704    0.997132    0.112522
          0           0           0           1
T_world_lidar: 
  -0.866692   -0.494199  -0.0679171     2.33428
   0.493091   -0.869337   0.0333824    -3.11334
 -0.0755404 -0.00455704    0.997132    0.112522
          0           0           0           1
v_world_imu: -0.445462  0.305912 -0.120972
frame_75
id: 4656
stamp: 1773062477.168174028
T_odom_lidar: 
 -0.860962  -0.501953 -0.0823858    2.29402
   0.50146  -0.864725  0.0280723   -3.08211
-0.0853321  -0.017144   0.996205  0.0998205
         0          0          0          1
T_world_lidar: 
 -0.860962  -0.501953 -0.0823858    2.29402
   0.50146  -0.864725  0.0280723   -3.08211
-0.0853321  -0.017144   0.996205  0.0998205
         0          0          0          1
v_world_imu: -0.370734   0.34437 -0.127013
frame_76
id: 4657
stamp: 1773062477.267918587
T_odom_lidar: 
 -0.866572  -0.493444 -0.0746101    2.25339
  0.492613  -0.869716  0.0304422   -3.05443
-0.0799111 -0.0103736   0.996748  0.0967249
         0          0          0          1
T_world_lidar: 
 -0.866572  -0.493444 -0.0746101    2.25339
  0.492613  -0.869716  0.0304422   -3.05443
-0.0799111 -0.0103736   0.996748  0.0967249
         0          0          0          1
v_world_imu: -0.458308  0.270561 0.0292339
frame_77
id: 4658
stamp: 1773062477.368197918
T_odom_lidar: 
 -0.864359  -0.497985  -0.069966    2.21191
  0.496037  -0.867179  0.0441363   -3.02778
-0.0826523 0.00344385   0.996572  0.0941347
         0          0          0          1
T_world_lidar: 
 -0.864359  -0.497985  -0.069966    2.21191
  0.496037  -0.867179  0.0441363   -3.02778
-0.0826523 0.00344385   0.996572  0.0941347
         0          0          0          1
v_world_imu:   -0.33946    0.25923 -0.0320681
frame_78
id: 4659
stamp: 1773062477.468954802
T_odom_lidar: 
  -0.837718   -0.539805  -0.0827034     2.18388
    0.53767    -0.84178   0.0481417    -3.01026
 -0.0956052 -0.00413803    0.995411   0.0996201
          0           0           0           1
T_world_lidar: 
  -0.837718   -0.539805  -0.0827034     2.18388
    0.53767    -0.84178   0.0481417    -3.01026
 -0.0956052 -0.00413803    0.995411   0.0996201
          0           0           0           1
v_world_imu: -0.220965  0.100663 0.0872711
frame_79
id: 4660
stamp: 1773062477.569668055
T_odom_lidar: 
 -0.789256  -0.609798 -0.0722671     2.1767
  0.611103  -0.791535 0.00497612   -2.99746
-0.0602364 -0.0402352   0.997373   0.107966
         0          0          0          1
T_world_lidar: 
 -0.789256  -0.609798 -0.0722671     2.1767
  0.611103  -0.791535 0.00497612   -2.99746
-0.0602364 -0.0402352   0.997373   0.107966
         0          0          0          1
v_world_imu: -0.010517  0.112794 0.0496462
frame_80
id: 4661
stamp: 1773062477.670078754
T_odom_lidar: 
 -0.726896  -0.683852 -0.0629952    2.18078
  0.686071  -0.727188 -0.0224351   -2.98802
-0.0304671 -0.0595272   0.997762   0.103338
         0          0          0          1
T_world_lidar: 
 -0.726896  -0.683852 -0.0629952    2.18078
  0.686071  -0.727188 -0.0224351   -2.98802
-0.0304671 -0.0595272   0.997762   0.103338
         0          0          0          1
v_world_imu:   0.140075  0.0727315 -0.0578405
frame_81
id: 4662
stamp: 1773062477.769763708
T_odom_lidar: 
 -0.669118  -0.740274 -0.0653861    2.19663
  0.742616  -0.669393 -0.0208545   -2.99238
