id: 1
T_world_origin: 
  0.990689   -0.13456 -0.0206979    8.80871
  0.135076   0.990496  0.0259294    -20.636
 0.0170121 -0.0284838   0.999449   0.373495
         0          0          0          1
T_origin_endpoint_L: 
   0.15532   0.987707 -0.0176043  -0.797555
 -0.987523   0.154773 -0.0290374    18.4243
-0.0259558  0.0218947   0.999423   0.422915
         0          0          0          1
T_origin_endpoint_R: 
  0.0746692   -0.997154  -0.0104526    -1.82734
   0.997201   0.0747058 -0.00315989      5.6363
 0.00393177  -0.0101874     0.99994    0.264383
          0           0           0           1
T_lidar_imu: 
     1      0      0  0.006
     0      1      0 -0.012
     0      0      1  0.008
     0      0      0      1
imu_bias:    0.0301915   -0.0154137   -0.0685964 -0.000208668  -0.00508073  -0.00505929
frame_id: 2
num_frames: 1201
frame_0
id: 1872
stamp: 1773062198.671536446
T_odom_lidar: 
   0.287592    0.957182  -0.0330821     5.54049
  -0.957749    0.287521 -0.00697407    -2.49787
 0.00283636   0.0336901    0.999428    0.247218
          0           0           0           1
T_world_lidar: 
   0.287592    0.957182  -0.0330821     5.54049
  -0.957749    0.287521 -0.00697407    -2.49787
 0.00283636   0.0336901    0.999428    0.247218
          0           0           0           1
v_world_imu:   0.158721  -0.492335 -0.0257294
frame_1
id: 1873
stamp: 1773062198.771469831
T_odom_lidar: 
   0.301391    0.952342  -0.0469877     5.55496
  -0.953475    0.300657  -0.0221437    -2.54554
-0.00696123   0.0514756     0.99865    0.245168
          0           0           0           1
T_world_lidar: 
   0.301391    0.952342  -0.0469877     5.55496
  -0.953475    0.300657  -0.0221437    -2.54554
-0.00696123   0.0514756     0.99865    0.245168
          0           0           0           1
v_world_imu:    0.14285  -0.481855 -0.0128739
frame_2
id: 1874
stamp: 1773062198.872227430
T_odom_lidar: 
  0.281923   0.957921  -0.053913    5.56298
 -0.959408   0.281035 -0.0235586   -2.59505
-0.0074158  0.0583663   0.998268   0.249444
         0          0          0          1
T_world_lidar: 
  0.281923   0.957921  -0.053913    5.56298
 -0.959408   0.281035 -0.0235586   -2.59505
-0.0074158  0.0583663   0.998268   0.249444
         0          0          0          1
v_world_imu:   0.154027  -0.478231 0.00706236
frame_3
id: 1875
stamp: 1773062198.972411633
T_odom_lidar: 
   0.266884    0.962837   -0.041448     5.57854
  -0.963728    0.266678  -0.0105189    -2.64176
0.000925257   0.0427519    0.999085    0.247258
          0           0           0           1
T_world_lidar: 
   0.266884    0.962837   -0.041448     5.57854
  -0.963728    0.266678  -0.0105189    -2.64176
0.000925257   0.0427519    0.999085    0.247258
          0           0           0           1
v_world_imu:    0.14753  -0.459995 -0.0768423
frame_4
id: 1876
stamp: 1773062199.072231054
T_odom_lidar: 
   0.266698    0.963214  -0.0330316     5.59484
  -0.963762    0.266324  -0.0153181    -2.68836
-0.00595746   0.0359199    0.999337    0.241091
          0           0           0           1
T_world_lidar: 
   0.266698    0.963214  -0.0330316     5.59484
  -0.963762    0.266324  -0.0153181    -2.68836
-0.00595746   0.0359199    0.999337    0.241091
          0           0           0           1
v_world_imu:   0.25826 -0.432431  0.102986
frame_5
id: 1877
stamp: 1773062199.171808481
T_odom_lidar: 
   0.292834    0.955428  -0.0374988      5.6169
  -0.956161    0.292696 -0.00923467    -2.73284
 0.00215271   0.0385591    0.999254    0.246785
          0           0           0           1
T_world_lidar: 
   0.292834    0.955428  -0.0374988      5.6169
  -0.956161    0.292696 -0.00923467    -2.73284
 0.00215271   0.0385591    0.999254    0.246785
          0           0           0           1
v_world_imu:  0.176546 -0.484276 0.0242928
frame_6
id: 1878
stamp: 1773062199.271703243
T_odom_lidar: 
    0.304381     0.951318   -0.0484378      5.63342
    -0.95255     0.303938   -0.0164259     -2.78336
-0.000904155    0.0511391     0.998691     0.244194
           0            0            0            1
T_world_lidar: 
    0.304381     0.951318   -0.0484378      5.63342
    -0.95255     0.303938   -0.0164259     -2.78336
-0.000904155    0.0511391     0.998691     0.244194
           0            0            0            1
v_world_imu:  0.190778 -0.483295 -0.072775
frame_7
id: 1879
stamp: 1773062199.372213602
T_odom_lidar: 
   0.289332    0.955306  -0.0606392     5.64728
  -0.957202    0.288266  -0.0258364    -2.83144
-0.00720147   0.0655192    0.997825    0.246113
          0           0           0           1
T_world_lidar: 
   0.289332    0.955306  -0.0606392     5.64728
  -0.957202    0.288266  -0.0258364    -2.83144
-0.00720147   0.0655192    0.997825    0.246113
          0           0           0           1
v_world_imu:  0.175602 -0.415203 0.0955849
frame_8
id: 1880
stamp: 1773062199.472201347
T_odom_lidar: 
   0.274839    0.960405  -0.0456691     5.66424
  -0.961484    0.274702 -0.00936096    -2.87493
 0.00355508   0.0464829    0.998913    0.250375
          0           0           0           1
T_world_lidar: 
   0.274839    0.960405  -0.0456691     5.66424
  -0.961484    0.274702 -0.00936096    -2.87493
 0.00355508   0.0464829    0.998913    0.250375
          0           0           0           1
v_world_imu:   0.183442  -0.437215 -0.0257007
frame_9
id: 1881
stamp: 1773062199.572012901
T_odom_lidar: 
   0.270406    0.962136  -0.0342706     5.68593
  -0.962741    0.270119  -0.0128485    -2.91954
-0.00310486   0.0364681     0.99933    0.240444
          0           0           0           1
T_world_lidar: 
   0.270406    0.962136  -0.0342706     5.68593
  -0.962741    0.270119  -0.0128485    -2.91954
-0.00310486   0.0364681     0.99933    0.240444
          0           0           0           1
v_world_imu:  0.239884 -0.492994 -0.153764
frame_10
id: 1882
stamp: 1773062199.671361923
T_odom_lidar: 
   0.293643    0.955131  -0.0387205     5.70462
  -0.955911    0.293525 -0.00883232    -2.96094
 0.00292939   0.0396069    0.999211    0.243997
          0           0           0           1
T_world_lidar: 
   0.293643    0.955131  -0.0387205     5.70462
  -0.955911    0.293525 -0.00883232    -2.96094
 0.00292939   0.0396069    0.999211    0.243997
          0           0           0           1
v_world_imu:  0.140685 -0.426803 0.0471625
frame_11
id: 1883
stamp: 1773062199.771200180
T_odom_lidar: 
  0.311696   0.948243  -0.060661    5.71281
 -0.950138   0.311656 -0.0103741   -3.00663
0.00906815  0.0608699   0.998105   0.252266
         0          0          0          1
T_world_lidar: 
  0.311696   0.948243  -0.060661    5.71281
 -0.950138   0.311656 -0.0103741   -3.00663
0.00906815  0.0608699   0.998105   0.252266
         0          0          0          1
v_world_imu: 0.0549587 -0.468679 0.0726487
frame_12
id: 1884
stamp: 1773062199.871378899
T_odom_lidar: 
   0.31136   0.948331 -0.0610282    5.71603
 -0.950264   0.311203 -0.0122974   -3.05507
0.00733018  0.0618218    0.99806   0.259721
         0          0          0          1
T_world_lidar: 
   0.31136   0.948331 -0.0610282    5.71603
 -0.950264   0.311203 -0.0122974   -3.05507
0.00733018  0.0618218    0.99806   0.259721
         0          0          0          1
v_world_imu: -0.142626 -0.468831  0.147064
frame_13
id: 1885
stamp: 1773062199.971974134
T_odom_lidar: 
   0.292184    0.953097  -0.0789641     5.72144
  -0.956235    0.292496 -0.00783746     -3.0943
  0.0156268   0.0777982    0.996847    0.264211
          0           0           0           1
T_world_lidar: 
   0.292184    0.953097  -0.0789641     5.72144
  -0.956235    0.292496 -0.00783746     -3.0943
  0.0156268   0.0777982    0.996847    0.264211
          0           0           0           1
v_world_imu:   0.162467  -0.403337 -0.0478617
frame_14
id: 1886
stamp: 1773062200.072284698
T_odom_lidar: 
   0.274484    0.959375  -0.0652531     5.73745
  -0.961552     0.27446 -0.00950785    -3.13485
 0.00878776    0.065354    0.997823     0.25835
          0           0           0           1
T_world_lidar: 
   0.274484    0.959375  -0.0652531     5.73745
  -0.961552     0.27446 -0.00950785    -3.13485
 0.00878776    0.065354    0.997823     0.25835
          0           0           0           1
v_world_imu:  0.160819 -0.442496 -0.026167
frame_15
id: 1887
stamp: 1773062200.172172070
T_odom_lidar: 
   0.284157    0.957464  -0.0501677     5.75673
   -0.95867    0.284522 0.000127687    -3.18172
  0.0143961    0.048058    0.998741    0.261556
          0           0           0           1
T_world_lidar: 
   0.284157    0.957464  -0.0501677     5.75673
   -0.95867    0.284522 0.000127687    -3.18172
  0.0143961    0.048058    0.998741    0.261556
          0           0           0           1
v_world_imu:   0.20502 -0.491011 0.0484301
frame_16
id: 1888
stamp: 1773062200.271836758
T_odom_lidar: 
   0.298905    0.952656  -0.0556958      5.7757
   -0.95424    0.298937 -0.00795452    -3.22453
 0.00907162   0.0555248    0.998416    0.260654
          0           0           0           1
T_world_lidar: 
   0.298905    0.952656  -0.0556958      5.7757
   -0.95424    0.298937 -0.00795452    -3.22453
 0.00907162   0.0555248    0.998416    0.260654
          0           0           0           1
v_world_imu:   0.159548  -0.450079 -0.0342583
frame_17
id: 1889
stamp: 1773062200.371915817
T_odom_lidar: 
   0.299787    0.953003  -0.0437454     5.79071
  -0.953993    0.299224  -0.0190566    -3.27176
-0.00507129   0.0474457    0.998861    0.253749
          0           0           0           1
T_world_lidar: 
   0.299787    0.953003  -0.0437454     5.79071
  -0.953993    0.299224  -0.0190566    -3.27176
-0.00507129   0.0474457    0.998861    0.253749
          0           0           0           1
v_world_imu:   0.133212  -0.502264 -0.0872768
frame_18
id: 1890
stamp: 1773062200.472222090
T_odom_lidar: 
  0.282519   0.957571 -0.0569236    5.80752
 -0.959253   0.282268  -0.012575   -3.31466
 0.0040263  0.0581569   0.998299   0.259991
         0          0          0          1
T_world_lidar: 
  0.282519   0.957571 -0.0569236    5.80752
 -0.959253   0.282268  -0.012575   -3.31466
 0.0040263  0.0581569   0.998299   0.259991
         0          0          0          1
v_world_imu:  0.254301 -0.384371  0.113161
frame_19
id: 1891
stamp: 1773062200.572329044
T_odom_lidar: 
  0.268343   0.962629 -0.0365668    5.83183
 -0.963165   0.268794 0.00794555   -3.35418
 0.0174775  0.0330877     0.9993   0.267889
         0          0          0          1
T_world_lidar: 
  0.268343   0.962629 -0.0365668    5.83183
 -0.963165   0.268794 0.00794555   -3.35418
 0.0174775  0.0330877     0.9993   0.267889
         0          0          0          1
v_world_imu:  0.229695 -0.423542 0.0025152
frame_20
id: 1892
stamp: 1773062200.671918392
T_odom_lidar: 
  0.276377   0.960805 -0.0216448     5.8493
 -0.960964   0.276582 0.00705987    -3.3962
 0.0127697  0.0188487   0.999741   0.268656
         0          0          0          1
T_world_lidar: 
  0.276377   0.960805 -0.0216448     5.8493
 -0.960964   0.276582 0.00705987    -3.3962
 0.0127697  0.0188487   0.999741   0.268656
         0          0          0          1
v_world_imu:  0.181283 -0.281389 0.0049873
frame_21
id: 1893
stamp: 1773062200.771796465
T_odom_lidar: 
  0.292983    0.95566 -0.0295793    5.86838
 -0.956065   0.293152 0.00146489   -3.43876
 0.0100712  0.0278505   0.999561    0.26679
         0          0          0          1
T_world_lidar: 
  0.292983    0.95566 -0.0295793    5.86838
 -0.956065   0.293152 0.00146489   -3.43876
 0.0100712  0.0278505   0.999561    0.26679
         0          0          0          1
v_world_imu:   0.193171  -0.467454 -0.0408632
frame_22
id: 1894
stamp: 1773062200.871896267
T_odom_lidar: 
   0.304347     0.95212   -0.029005     5.88652
  -0.952558    0.304285 -0.00662305    -3.48619
 0.00251985   0.0296446    0.999557    0.261683
          0           0           0           1
T_world_lidar: 
   0.304347     0.95212   -0.029005     5.88652
  -0.952558    0.304285 -0.00662305    -3.48619
 0.00251985   0.0296446    0.999557    0.261683
          0           0           0           1
v_world_imu:   0.193177   -0.50427 -0.0446937
frame_23
id: 1895
stamp: 1773062200.972492456
T_odom_lidar: 
   0.285325    0.957525   -0.041667     5.89784
  -0.958426    0.285192 -0.00922334    -3.53071
 0.00305152   0.0425664    0.999089    0.274419
          0           0           0           1
T_world_lidar: 
   0.285325    0.957525   -0.041667     5.89784
  -0.958426    0.285192 -0.00922334    -3.53071
 0.00305152   0.0425664    0.999089    0.274419
          0           0           0           1
v_world_imu: 0.150444 -0.40595 0.107366
frame_24
id: 1896
stamp: 1773062201.072632551
T_odom_lidar: 
  0.272393   0.961642 -0.0323416    5.91652
 -0.962106   0.272651 0.00375047   -3.57249
 0.0124246  0.0300945    0.99947   0.271444
         0          0          0          1
T_world_lidar: 
  0.272393   0.961642 -0.0323416    5.91652
 -0.962106   0.272651 0.00375047   -3.57249
 0.0124246  0.0300945    0.99947   0.271444
         0          0          0          1
v_world_imu:  0.191679 -0.457417  -0.15881
frame_25
id: 1897
stamp: 1773062201.172535181
T_odom_lidar: 
    0.28215    0.958807  -0.0328727     5.93829
  -0.959351    0.282197 -0.00329634    -3.61894
 0.00611602   0.0324665    0.999454     0.25998
          0           0           0           1
T_world_lidar: 
    0.28215    0.958807  -0.0328727     5.93829
  -0.959351    0.282197 -0.00329634    -3.61894
 0.00611602   0.0324665    0.999454     0.25998
          0           0           0           1
v_world_imu:   0.311277  -0.368734 -0.0207005
frame_26
id: 1898
stamp: 1773062201.271876574
T_odom_lidar: 
  0.302798   0.952476 -0.0332011    5.95725
 -0.952978   0.303032 0.00214192   -3.65776
 0.0121011  0.0309914   0.999446   0.269233
         0          0          0          1
T_world_lidar: 
  0.302798   0.952476 -0.0332011    5.95725
 -0.952978   0.303032 0.00214192   -3.65776
 0.0121011  0.0309914   0.999446   0.269233
         0          0          0          1
v_world_imu:  0.131371 -0.419116 0.0888615
frame_27
id: 1899
stamp: 1773062201.371850729
T_odom_lidar: 
   0.314484    0.948366  -0.0412533     5.96944
  -0.949245    0.314443 -0.00766145    -3.70282
 0.00570595   0.0415689    0.999119    0.271367
          0           0           0           1
T_world_lidar: 
   0.314484    0.948366  -0.0412533     5.96944
  -0.949245    0.314443 -0.00766145    -3.70282
 0.00570595   0.0415689    0.999119    0.271367
          0           0           0           1
v_world_imu:   0.103433  -0.491086 0.00277404
frame_28
id: 1900
stamp: 1773062201.472182274
T_odom_lidar: 
   0.298937    0.952807  -0.0528641     5.97856
  -0.954273    0.298485  -0.0164352    -3.75126
0.000119573   0.0553599    0.998466    0.278081
          0           0           0           1
T_world_lidar: 
   0.298937    0.952807  -0.0528641     5.97856
  -0.954273    0.298485  -0.0164352    -3.75126
0.000119573   0.0553599    0.998466    0.278081
          0           0           0           1
v_world_imu:  0.205504 -0.393671  0.142222
frame_29
id: 1901
stamp: 1773062201.572162151
T_odom_lidar: 
    0.28572    0.957639  -0.0359426     5.99767
  -0.958283    0.285806 -0.00280789    -3.79363
 0.00758369   0.0352455     0.99935    0.287117
          0           0           0           1
T_world_lidar: 
    0.28572    0.957639  -0.0359426     5.99767
  -0.958283    0.285806 -0.00280789    -3.79363
 0.00758369   0.0352455     0.99935    0.287117
          0           0           0           1
v_world_imu:  0.198952  -0.41978 0.0655584
frame_30
id: 1902
stamp: 1773062201.672109604
T_odom_lidar: 
    0.2816   0.959218 -0.0245345    6.01528
 -0.959137   0.282125  0.0214853   -3.83881
 0.0275309  0.0174817   0.999468   0.284863
         0          0          0          1
T_world_lidar: 
    0.2816   0.959218 -0.0245345    6.01528
 -0.959137   0.282125  0.0214853   -3.83881
 0.0275309  0.0174817   0.999468   0.284863
         0          0          0          1
v_world_imu:   0.125002  -0.504171 -0.0954633
frame_31
id: 1903
stamp: 1773062201.771748543
T_odom_lidar: 
   0.302946    0.952615  -0.0273404     6.03861
  -0.952966    0.303076 0.000627412    -3.87807
 0.00888391   0.0258644    0.999626     0.28278
          0           0           0           1
T_world_lidar: 
   0.302946    0.952615  -0.0273404     6.03861
  -0.952966    0.303076 0.000627412    -3.87807
 0.00888391   0.0258644    0.999626     0.28278
          0           0           0           1
v_world_imu:     0.20452   -0.404566 -0.00376694
frame_32
id: 1904
stamp: 1773062201.871598244
T_odom_lidar: 
     0.3201    0.946385   -0.043483     6.05448
  -0.947346    0.320161 -0.00572349    -3.91972
 0.00850495   0.0430255    0.999038    0.282205
          0           0           0           1
T_world_lidar: 
     0.3201    0.946385   -0.043483     6.05448
  -0.947346    0.320161 -0.00572349    -3.91972
 0.00850495   0.0430255    0.999038    0.282205
          0           0           0           1
v_world_imu:  0.147319 -0.400883 -0.047234
frame_33
id: 1905
stamp: 1773062201.971984625
T_odom_lidar: 
  0.313794   0.947664 -0.0588781    6.06623
 -0.949485   0.313412 -0.0158479   -3.95877
0.00343466  0.0608768   0.998139   0.277307
         0          0          0          1
T_world_lidar: 
  0.313794   0.947664 -0.0588781    6.06623
 -0.949485   0.313412 -0.0158479   -3.95877
0.00343466  0.0608768   0.998139   0.277307
         0          0          0          1
v_world_imu:   0.154977  -0.352667 -0.0485228
frame_34
id: 1906
stamp: 1773062202.072185516
T_odom_lidar: 
   0.302086    0.951773  -0.0535867     6.08218
  -0.953225    0.302201 -0.00613853    -4.00233
  0.0103515   0.0529345    0.998544    0.282653
          0           0           0           1
T_world_lidar: 
   0.302086    0.951773  -0.0535867     6.08218
  -0.953225    0.302201 -0.00613853    -4.00233
  0.0103515   0.0529345    0.998544    0.282653
          0           0           0           1
v_world_imu:   0.172473  -0.462414 -0.0192725
frame_35
id: 1907
stamp: 1773062202.172221422
T_odom_lidar: 
  0.293968   0.955024 -0.0388806    6.09976
 -0.955815   0.293748 -0.0113856    -4.0488
0.00054757  0.0405097   0.999179   0.280321
         0          0          0          1
T_world_lidar: 
  0.293968   0.955024 -0.0388806    6.09976
 -0.955815   0.293748 -0.0113856    -4.0488
0.00054757  0.0405097   0.999179   0.280321
         0          0          0          1
v_world_imu:  0.162156 -0.476856 -0.033911
frame_36
id: 1908
stamp: 1773062202.271766901
T_odom_lidar: 
   0.314287    0.948561   -0.038147     6.12081
  -0.949321    0.314183 -0.00883321    -4.09159
 0.00360631     0.03899    0.999233    0.282637
          0           0           0           1
T_world_lidar: 
   0.314287    0.948561   -0.038147     6.12081
  -0.949321    0.314183 -0.00883321    -4.09159
 0.00360631     0.03899    0.999233    0.282637
          0           0           0           1
v_world_imu:  0.151861 -0.472953 0.0823656
frame_37
id: 1909
stamp: 1773062202.371505976
T_odom_lidar: 
  0.328283   0.943331 -0.0485482    6.13824
 -0.944575   0.328008 -0.0137494   -4.13896
0.00295396  0.0503711   0.998726   0.287174
         0          0          0          1
T_world_lidar: 
  0.328283   0.943331 -0.0485482    6.13824
 -0.944575   0.328008 -0.0137494   -4.13896
0.00295396  0.0503711   0.998726   0.287174
         0          0          0          1
v_world_imu:     0.203099     -0.47246 -0.000111377
frame_38
id: 1910
stamp: 1773062202.471566439
T_odom_lidar: 
  0.331484   0.942065 -0.0513039    6.15744
 -0.943403   0.330371 -0.0290948   -4.18625
-0.0104598  0.0580447   0.998259   0.287854
         0          0          0          1
T_world_lidar: 
  0.331484   0.942065 -0.0513039    6.15744
 -0.943403   0.330371 -0.0290948   -4.18625
-0.0104598  0.0580447   0.998259   0.287854
         0          0          0          1
v_world_imu:  0.134674 -0.458292  0.080539
frame_39
id: 1911
stamp: 1773062202.571743250
T_odom_lidar: 
  0.306897   0.950388 -0.0507667    6.16876
 -0.951741    0.30657 -0.0143071   -4.23264
 0.0019662  0.0527075   0.998608   0.295688
         0          0          0          1
T_world_lidar: 
  0.306897   0.950388 -0.0507667    6.16876
 -0.951741    0.30657 -0.0143071   -4.23264
 0.0019662  0.0527075   0.998608   0.295688
         0          0          0          1
v_world_imu:  0.152792 -0.441581 0.0247065
frame_40
id: 1912
stamp: 1773062202.671731710
T_odom_lidar: 
   0.296277     0.95407  -0.0443821     6.18633
  -0.955029    0.296509 -0.00143205    -4.27588
  0.0117934   0.0428105    0.999014    0.294578
          0           0           0           1
T_world_lidar: 
   0.296277     0.95407  -0.0443821     6.18633
  -0.955029    0.296509 -0.00143205    -4.27588
  0.0117934   0.0428105    0.999014    0.294578
          0           0           0           1
v_world_imu:    0.15529  -0.438707 -0.0442177
frame_41
id: 1913
stamp: 1773062202.771587133
T_odom_lidar: 
   0.306076    0.951725   -0.023181     6.20313
  -0.951994    0.306108 -0.00224704     -4.3202
 0.00495733   0.0227559    0.999729    0.293312
          0           0           0           1
T_world_lidar: 
   0.306076    0.951725   -0.023181     6.20313
  -0.951994    0.306108 -0.00224704     -4.3202
 0.00495733   0.0227559    0.999729    0.293312
          0           0           0           1
v_world_imu:    0.21239  -0.460182 0.00322958
frame_42
id: 1914
stamp: 1773062202.871290445
T_odom_lidar: 
  0.323473   0.945235 -0.0435442    6.22012
 -0.946229   0.323321  -0.010685   -4.36206
0.00397886  0.0446591   0.998994   0.295177
         0          0          0          1
T_world_lidar: 
  0.323473   0.945235 -0.0435442    6.22012
 -0.946229   0.323321  -0.010685   -4.36206
0.00397886  0.0446591   0.998994   0.295177
         0          0          0          1
v_world_imu:   0.166184  -0.402001 -0.0305835
frame_43
id: 1915
stamp: 1773062202.971345663
T_odom_lidar: 
   0.331493    0.941856  -0.0549483     6.24198
  -0.943452    0.330732   -0.022685     -4.4009
-0.00319288    0.059361    0.998231    0.286114
          0           0           0           1
T_world_lidar: 
   0.331493    0.941856  -0.0549483     6.24198
  -0.943452    0.330732   -0.022685     -4.4009
-0.00319288    0.059361    0.998231    0.286114
          0           0           0           1
v_world_imu:  0.256695  -0.37382 -0.118422
frame_44
id: 1916
stamp: 1773062203.071853161
T_odom_lidar: 
   0.307139    0.950095    -0.05464     6.25423
  -0.951665    0.306642   -0.017466    -4.44848
0.000160566   0.0573635    0.998353    0.293306
          0           0           0           1
T_world_lidar: 
   0.307139    0.950095    -0.05464     6.25423
  -0.951665    0.306642   -0.017466    -4.44848
0.000160566   0.0573635    0.998353    0.293306
          0           0           0           1
v_world_imu:  0.128021 -0.509866  0.067494
frame_45
id: 1917
stamp: 1773062203.172116995
T_odom_lidar: 
  0.293321   0.955257 -0.0380438    6.26965
 -0.956013   0.293141  -0.010333   -4.50013
0.00128154  0.0394012   0.999223   0.292792
         0          0          0          1
T_world_lidar: 
  0.293321   0.955257 -0.0380438    6.26965
 -0.956013   0.293141  -0.010333   -4.50013
0.00128154  0.0394012   0.999223   0.292792
         0          0          0          1
v_world_imu:   0.168735  -0.513874 -0.0791977
frame_46
id: 1918
stamp: 1773062203.271745205
T_odom_lidar: 
  0.296445     0.9545 -0.0324079    6.29245
 -0.954982   0.295849 -0.0219685   -4.55218
-0.0113811  0.0374614   0.999233   0.287768
         0          0          0          1
T_world_lidar: 
  0.296445     0.9545 -0.0324079    6.29245
 -0.954982   0.295849 -0.0219685   -4.55218
-0.0113811  0.0374614   0.999233   0.287768
         0          0          0          1
v_world_imu:   0.26464  -0.44848 0.0681512
frame_47
id: 1919
stamp: 1773062203.371433973
T_odom_lidar: 
  0.321065   0.946058 -0.0434958    6.30789
 -0.947048   0.320922 -0.0104222   -4.59361
0.00409874  0.0445388   0.998999   0.295145
         0          0          0          1
T_world_lidar: 
  0.321065   0.946058 -0.0434958    6.30789
 -0.947048   0.320922 -0.0104222   -4.59361
0.00409874  0.0445388   0.998999   0.295145
         0          0          0          1
v_world_imu:  0.130425 -0.439068 0.0287534
frame_48
id: 1920
stamp: 1773062203.471400023
T_odom_lidar: 
  0.337614   0.939385 -0.0597746    6.32233
 -0.941246   0.337492 -0.0124471   -4.63646
0.00848083  0.0604649   0.998134   0.294248
         0          0          0          1
T_world_lidar: 
  0.337614   0.939385 -0.0597746    6.32233
 -0.941246   0.337492 -0.0124471   -4.63646
0.00848083  0.0604649   0.998134   0.294248
         0          0          0          1
v_world_imu:   0.151417  -0.437899 -0.0465847
frame_49
id: 1921
stamp: 1773062203.572001457
T_odom_lidar: 
  0.317322   0.945787 -0.0692356    6.32897
 -0.948312   0.316722 -0.0197735   -4.67962
0.00322688  0.0719315   0.997404   0.300486
         0          0          0          1
T_world_lidar: 
  0.317322   0.945787 -0.0692356    6.32897
 -0.948312   0.316722 -0.0197735   -4.67962
0.00322688  0.0719315   0.997404   0.300486
         0          0          0          1
v_world_imu:  0.125694 -0.426371  0.168058
frame_50
id: 1922
stamp: 1773062203.672553539
T_odom_lidar: 
   0.291951    0.954755  -0.0566362     6.34001
  -0.956412    0.291042  -0.0238757    -4.72747
-0.00631197   0.0611381    0.998109    0.304176
          0           0           0           1
T_world_lidar: 
   0.291951    0.954755  -0.0566362     6.34001
  -0.956412    0.291042  -0.0238757    -4.72747
-0.00631197   0.0611381    0.998109    0.304176
          0           0           0           1
v_world_imu: 0.000616263   -0.463198  -0.0757794
frame_51
id: 1923
stamp: 1773062203.773519754
T_odom_lidar: 
  0.218075   0.975178 -0.0383532    6.33034
 -0.975185   0.216202 -0.0476516   -4.76846
-0.0381767  0.0477931   0.998127   0.298474
         0          0          0          1
T_world_lidar: 
  0.218075   0.975178 -0.0383532    6.33034
 -0.975185   0.216202 -0.0476516   -4.76846
-0.0381767  0.0477931   0.998127   0.298474
         0          0          0          1
v_world_imu: -0.205667 -0.308392 0.0522026
frame_52
id: 1924
stamp: 1773062203.873808622
T_odom_lidar: 
  0.165414   0.983779 -0.0693996    6.31484
 -0.986125   0.163989 -0.0257935   -4.78745
-0.0139943  0.0727033   0.997255   0.313301
         0          0          0          1
T_world_lidar: 
  0.165414   0.983779 -0.0693996    6.31484
 -0.986125   0.163989 -0.0257935   -4.78745
-0.0139943  0.0727033   0.997255   0.313301
         0          0          0          1
v_world_imu: -0.210513 -0.168573  0.122706
frame_53
id: 1925
stamp: 1773062203.973787546
T_odom_lidar: 
  0.0994241    0.988928   -0.110161     6.29087
  -0.995043   0.0990372 -0.00899153     -4.7975
 0.00201808    0.110509    0.993873    0.319567
          0           0           0           1
T_world_lidar: 
  0.0994241    0.988928   -0.110161     6.29087
  -0.995043   0.0990372 -0.00899153     -4.7975
 0.00201808    0.110509    0.993873    0.319567
          0           0           0           1
v_world_imu:   -0.290608 -0.00228343   0.0370962
frame_54
id: 1926
stamp: 1773062204.073807955
T_odom_lidar: 
  0.0213073    0.993047   -0.115778     6.26081
  -0.999762   0.0206108 -0.00720953    -4.79212
-0.00477311    0.115904    0.993249    0.326074
          0           0           0           1
T_world_lidar: 
  0.0213073    0.993047   -0.115778     6.26081
  -0.999762   0.0206108 -0.00720953    -4.79212
-0.00477311    0.115904    0.993249    0.326074
          0           0           0           1
v_world_imu: -0.243917 0.0609275 0.0259626
frame_55
id: 1927
stamp: 1773062204.173603773
T_odom_lidar: 
-0.0670474   0.991483  -0.111649     6.2418
 -0.997659 -0.0651107  0.0209071   -4.79379
 0.0134594   0.112789   0.993528   0.313971
         0          0          0          1
T_world_lidar: 
-0.0670474   0.991483  -0.111649     6.2418
 -0.997659 -0.0651107  0.0209071   -4.79379
 0.0134594   0.112789   0.993528   0.313971
         0          0          0          1
v_world_imu:  -0.141522 -0.0747394  -0.145898
frame_56
id: 1928
stamp: 1773062204.272980928
T_odom_lidar: 
-0.132466  0.985342 -0.107486   6.23472
-0.990939 -0.129225  0.036606  -4.80735
0.0221795  0.111361  0.993532  0.309512
        0         0         0         1
T_world_lidar: 
-0.132466  0.985342 -0.107486   6.23472
-0.990939 -0.129225  0.036606  -4.80735
0.0221795  0.111361  0.993532  0.309512
        0         0         0         1
v_world_imu: -0.0641332  -0.193863 0.00750782
frame_57
id: 1929
stamp: 1773062204.371352911
T_odom_lidar: 
 -0.129419   0.988675 -0.0759766    6.24487
 -0.991419  -0.127593  0.0284269    -4.8197
 0.0184109  0.0790036   0.996704   0.319478
         0          0          0          1
T_world_lidar: 
 -0.129419   0.988675 -0.0759766    6.24487
 -0.991419  -0.127593  0.0284269    -4.8197
 0.0184109  0.0790036   0.996704   0.319478
         0          0          0          1
v_world_imu:  0.0771163  -0.185722 -0.0200748
frame_58
id: 1930
stamp: 1773062204.469967127
T_odom_lidar: 
   -0.116897     0.991693   -0.0536614      6.25104
   -0.993123    -0.117077 -0.000210499     -4.84473
 -0.00649127    0.0532678     0.998559     0.316839
           0            0            0            1
T_world_lidar: 
   -0.116897     0.991693   -0.0536614      6.25104
   -0.993123    -0.117077 -0.000210499     -4.84473
 -0.00649127    0.0532678     0.998559     0.316839
           0            0            0            1
v_world_imu:  0.0670796   -0.34071 -0.0329586
frame_59
id: 1931
stamp: 1773062204.569345236
T_odom_lidar: 
  -0.11311   0.991662 -0.0617526    6.25334
 -0.993368  -0.114157 -0.0136856   -4.88075
 -0.020621  0.0597952   0.997998   0.315364
         0          0          0          1
T_world_lidar: 
  -0.11311   0.991662 -0.0617526    6.25334
 -0.993368  -0.114157 -0.0136856   -4.88075
 -0.020621  0.0597952   0.997998   0.315364
         0          0          0          1
v_world_imu:   -0.118922    -0.33738 -0.00147572
frame_60
id: 1932
stamp: 1773062204.669383764
T_odom_lidar: 
  -0.130247    0.989988  -0.0543996     6.24995
  -0.991379   -0.130825 -0.00719743    -4.91962
 -0.0142422   0.0529932    0.998493    0.312192
          0           0           0           1
T_world_lidar: 
  -0.130247    0.989988  -0.0543996     6.24995
  -0.991379   -0.130825 -0.00719743    -4.91962
 -0.0142422   0.0529932    0.998493    0.312192
          0           0           0           1
v_world_imu: -0.0529074   -0.40418 -0.0471536
frame_61
id: 1933
stamp: 1773062204.769739866
T_odom_lidar: 
 -0.144604   0.988696 -0.0396155    6.24189
 -0.989321  -0.145202 -0.0126418   -4.96136
-0.0182512  0.0373644   0.999135   0.306628
         0          0          0          1
T_world_lidar: 
 -0.144604   0.988696 -0.0396155    6.24189
 -0.989321  -0.145202 -0.0126418   -4.96136
-0.0182512  0.0373644   0.999135   0.306628
         0          0          0          1
v_world_imu:  -0.117247  -0.424464 -0.0969674
frame_62
id: 1934
stamp: 1773062204.869825840
T_odom_lidar: 
 -0.125342   0.991231 -0.0418358    6.24341
 -0.991942  -0.125994 -0.0133153   -5.00146
-0.0184696  0.0398297   0.999036   0.311874
         0          0          0          1
T_world_lidar: 
 -0.125342   0.991231 -0.0418358    6.24341
 -0.991942  -0.125994 -0.0133153   -5.00146
-0.0184696  0.0398297   0.999036   0.311874
         0          0          0          1
v_world_imu: -0.0505389   -0.39201  0.0566817
frame_63
id: 1935
stamp: 1773062204.970309973
T_odom_lidar: 
  -0.115052    0.991517  -0.0604674     6.23467
  -0.993271   -0.115639 -0.00630173     -5.0415
 -0.0132407   0.0593355     0.99815    0.314719
          0           0           0           1
T_world_lidar: 
  -0.115052    0.991517  -0.0604674     6.23467
  -0.993271   -0.115639 -0.00630173     -5.0415
 -0.0132407   0.0593355     0.99815    0.314719
          0           0           0           1
v_world_imu:  -0.111318  -0.430331 -0.0166422
frame_64
id: 1936
stamp: 1773062205.071081877
T_odom_lidar: 
 -0.108897   0.992094 -0.0623724    6.22038
 -0.993813  -0.110036 -0.0151189   -5.08445
-0.0218626    0.06034   0.997938   0.313705
         0          0          0          1
T_world_lidar: 
 -0.108897   0.992094 -0.0623724    6.22038
 -0.993813  -0.110036 -0.0151189   -5.08445
-0.0218626    0.06034   0.997938   0.313705
         0          0          0          1
v_world_imu: -0.232169 -0.371855    0.0579
frame_65
id: 1937
stamp: 1773062205.172136307
T_odom_lidar: 
   -0.12785    0.989024  -0.0740638     6.20959
  -0.991732   -0.128319 -0.00159557    -5.12708
 -0.0110818   0.0732474    0.997252     0.31654
          0           0           0           1
T_world_lidar: 
   -0.12785    0.989024  -0.0740638     6.20959
  -0.991732   -0.128319 -0.00159557    -5.12708
 -0.0110818   0.0732474    0.997252     0.31654
          0           0           0           1
v_world_imu: -0.0561868  -0.458435 -0.0500045
frame_66
id: 1938
stamp: 1773062205.272914648
T_odom_lidar: 
  -0.148295    0.987133  -0.0598061      6.2062
  -0.988806   -0.149009 -0.00764492    -5.17296
 -0.0164582    0.058003    0.998181    0.310814
          0           0           0           1
T_world_lidar: 
  -0.148295    0.987133  -0.0598061      6.2062
  -0.988806   -0.149009 -0.00764492    -5.17296
 -0.0164582    0.058003    0.998181    0.310814
          0           0           0           1
v_world_imu: -0.0315825  -0.450953 -0.0750703
frame_67
id: 1939
stamp: 1773062205.372835875
T_odom_lidar: 
  -0.134128    0.988918  -0.0636401     6.20774
  -0.990811    -0.13496 -0.00894571    -5.21883
 -0.0174354   0.0618554    0.997933    0.308652
          0           0           0           1
T_world_lidar: 
  -0.134128    0.988918  -0.0636401     6.20774
  -0.990811    -0.13496 -0.00894571    -5.21883
 -0.0174354   0.0618554    0.997933    0.308652
          0           0           0           1
v_world_imu: -0.0829501  -0.473105  0.0668966
frame_68
id: 1940
stamp: 1773062205.472721815
T_odom_lidar: 
  -0.120089    0.990102  -0.0726355     6.19691
  -0.992636   -0.120921 -0.00714762    -5.26627
   -0.01586   0.0712423    0.997333    0.308714
          0           0           0           1
T_world_lidar: 
  -0.120089    0.990102  -0.0726355     6.19691
  -0.992636   -0.120921 -0.00714762    -5.26627
   -0.01586   0.0712423    0.997333    0.308714
          0           0           0           1
v_world_imu:  -0.120308  -0.460034 -0.0229303
frame_69
id: 1941
stamp: 1773062205.572587967
T_odom_lidar: 
 -0.108441   0.991078 -0.0774972    6.18695
 -0.993855  -0.109826 -0.0138297   -5.31084
-0.0222175  0.0755213   0.996897   0.303366
         0          0          0          1
T_world_lidar: 
 -0.108441   0.991078 -0.0774972    6.18695
 -0.993855  -0.109826 -0.0138297   -5.31084
-0.0222175  0.0755213   0.996897   0.303366
         0          0          0          1
v_world_imu: -0.0705837     -0.487  -0.124447
frame_70
id: 1942
stamp: 1773062205.672727823
T_odom_lidar: 
  -0.135583    0.987084  -0.0853352     6.17888
  -0.990624   -0.136516 -0.00517423    -5.35542
 -0.0167571   0.0838336    0.996339    0.303992
          0           0           0           1
T_world_lidar: 
  -0.135583    0.987084  -0.0853352     6.17888
  -0.990624   -0.136516 -0.00517423    -5.35542
 -0.0167571   0.0838336    0.996339    0.303992
          0           0           0           1
v_world_imu: -0.0263306  -0.474472 -0.0140308
frame_71
id: 1943
stamp: 1773062205.772628069
T_odom_lidar: 
  -0.151699    0.986163  -0.0668632     6.17842
   -0.98827   -0.152533 -0.00753405    -5.40641
 -0.0176287    0.064936    0.997734    0.298393
          0           0           0           1
T_world_lidar: 
  -0.151699    0.986163  -0.0668632     6.17842
   -0.98827   -0.152533 -0.00753405    -5.40641
 -0.0176287    0.064936    0.997734    0.298393
          0           0           0           1
v_world_imu:  0.0260502  -0.515852 -0.0946608
frame_72
id: 1944
stamp: 1773062205.871886730
T_odom_lidar: 
 -0.139954   0.988041 -0.0647108     6.1849
 -0.989918  -0.141061 -0.0128416   -5.45391
-0.0218162  0.0622611   0.997821   0.293485
         0          0          0          1
T_world_lidar: 
 -0.139954   0.988041 -0.0647108     6.1849
 -0.989918  -0.141061 -0.0128416   -5.45391
-0.0218162  0.0622611   0.997821   0.293485
         0          0          0          1
v_world_imu: 0.00353894  -0.447753   0.129076
frame_73
id: 1945
stamp: 1773062205.971407413
T_odom_lidar: 
  -0.127561    0.989868  -0.0623605     6.17354
   -0.99175   -0.128101 -0.00472141    -5.49805
  -0.012662   0.0612438    0.998043    0.302541
          0           0           0           1
T_world_lidar: 
  -0.127561    0.989868  -0.0623605     6.17354
   -0.99175   -0.128101 -0.00472141    -5.49805
  -0.012662   0.0612438    0.998043    0.302541
          0           0           0           1
v_world_imu: -0.141573  -0.44117 0.0264883
frame_74
id: 1946
stamp: 1773062206.071220160
T_odom_lidar: 
  -0.122101    0.989458  -0.0778715     6.16317
  -0.992389    -0.12297 -0.00645455    -5.54067
 -0.0159624   0.0764907    0.996943    0.301272
          0           0           0           1
T_world_lidar: 
  -0.122101    0.989458  -0.0778715     6.16317
  -0.992389    -0.12297 -0.00645455    -5.54067
 -0.0159624   0.0764907    0.996943    0.301272
          0           0           0           1
v_world_imu: -0.0608066  -0.417722 -0.0259296
frame_75
id: 1947
stamp: 1773062206.171355724
T_odom_lidar: 
  -0.142402    0.987173   -0.072184     6.15545
    -0.9897    -0.14309 -0.00442609     -5.5848
 -0.0146981   0.0708102    0.997382    0.305148
          0           0           0           1
T_world_lidar: 
  -0.142402    0.987173   -0.072184     6.15545
    -0.9897    -0.14309 -0.00442609     -5.5848
 -0.0146981   0.0708102    0.997382    0.305148
          0           0           0           1
v_world_imu: -0.0777528  -0.484671  0.0358255
frame_76
id: 1948
stamp: 1773062206.271569252
T_odom_lidar: 
  -0.158465    0.985681  -0.0576323     6.15015
  -0.987229   -0.159141 -0.00730034    -5.63486
 -0.0163674   0.0557394    0.998311     0.30737
          0           0           0           1
T_world_lidar: 
  -0.158465    0.985681  -0.0576323     6.15015
  -0.987229   -0.159141 -0.00730034    -5.63486
 -0.0163674   0.0557394    0.998311     0.30737
          0           0           0           1
v_world_imu:  -0.0419322   -0.487846 -0.00541483
frame_77
id: 1949
stamp: 1773062206.371367931
T_odom_lidar: 
 -0.153945   0.986363 -0.0582055    6.14608
 -0.987746  -0.155156 -0.0168517   -5.68269
-0.0256528   0.054898   0.998162   0.307869
         0          0          0          1
T_world_lidar: 
 -0.153945   0.986363 -0.0582055    6.14608
 -0.987746  -0.155156 -0.0168517   -5.68269
-0.0256528   0.054898   0.998162   0.307869
         0          0          0          1
v_world_imu: -0.0447101  -0.458412    0.01262
frame_78
id: 1950
stamp: 1773062206.471492767
T_odom_lidar: 
  -0.13953   0.988745 -0.0539852    6.14634
 -0.989738  -0.140952 -0.0234918    -5.7225
-0.0308367  0.0501534   0.998265     0.3057
         0          0          0          1
T_world_lidar: 
  -0.13953   0.988745 -0.0539852    6.14634
 -0.989738  -0.140952 -0.0234918    -5.7225
-0.0308367  0.0501534   0.998265     0.3057
         0          0          0          1
v_world_imu:  0.0489962  -0.322941 -0.0238923
frame_79
id: 1951
stamp: 1773062206.571477413
T_odom_lidar: 
 -0.127442   0.990516 -0.0513455    6.15666
 -0.990922  -0.129386 -0.0364964    -5.7494
-0.0427936  0.0462282   0.998014   0.304168
         0          0          0          1
