id: 0
T_world_origin: 
    0.999997  0.000888368  -0.00229518   0.00424733
-0.000779047     0.998885    0.0472003  -0.00343733
  0.00233455   -0.0471984     0.998883    0.0017462
           0            0            0            1
T_origin_endpoint_L: 
    0.999998   0.00176949  0.000137292  -0.00506339
 -0.00176955     0.999998  0.000434728   0.00332725
-0.000136522  -0.00043497            1  -0.00165682
           0            0            0            1
T_origin_endpoint_R: 
    0.999999   0.00160214    0.0003278  -0.00227821
 -0.00160223     0.999999  0.000259148   0.00115718
-0.000327385 -0.000259673            1  0.000889817
           0            0            0            1
T_lidar_imu: 
     1      0      0  0.006
     0      1      0 -0.012
     0      0      1  0.008
     0      0      0      1
imu_bias: 4.13982e-05 0.000292125  -0.0114408 -0.00230146 -0.00240589   -0.002762
frame_id: 2
num_frames: 1041
frame_0
id: 0
stamp: 1772809794.665170431
T_odom_lidar: 
   0.999994  0.00265885  -0.0021575 -0.00676009
-0.00255307    0.998862   0.0476345   0.0114325
 0.00228169  -0.0476287    0.998863 -0.00865376
          0           0           0           1
T_world_lidar: 
   0.999994  0.00265885  -0.0021575 -0.00676009
-0.00255307    0.998862   0.0476345   0.0114325
 0.00228169  -0.0476287    0.998863 -0.00865376
          0           0           0           1
v_world_imu: -0.0033757 0.00806328  0.0144951
frame_1
id: 1
stamp: 1772809794.765021563
T_odom_lidar: 
   0.999993  0.00261024 -0.00276808 -0.00673664
-0.00247191    0.998803   0.0488494   0.0116329
 0.00289228  -0.0488422    0.998802 -0.00702942
          0           0           0           1
T_world_lidar: 
   0.999993  0.00261024 -0.00276808 -0.00673664
-0.00247191    0.998803   0.0488494   0.0116329
 0.00289228  -0.0488422    0.998802 -0.00702942
          0           0           0           1
v_world_imu:  9.78366e-05 -0.000326697    0.0119213
frame_2
id: 2
stamp: 1772809794.864853859
T_odom_lidar: 
   0.999995  0.00276855 -0.00139207 -0.00689071
-0.00269983    0.998884   0.0471547    0.011455
 0.00152107  -0.0471507    0.998887 -0.00723706
          0           0           0           1
T_world_lidar: 
   0.999995  0.00276855 -0.00139207 -0.00689071
-0.00269983    0.998884   0.0471547    0.011455
 0.00152107  -0.0471507    0.998887 -0.00723706
          0           0           0           1
v_world_imu: -0.00974202  0.00252631  0.00222906
frame_3
id: 3
stamp: 1772809794.964855194
T_odom_lidar: 
   0.999995  0.00257705 -0.00202341 -0.00734773
-0.00247726    0.998851   0.0478628   0.0117728
 0.00214443  -0.0478576    0.998852 -0.00676743
          0           0           0           1
T_world_lidar: 
   0.999995  0.00257705 -0.00202341 -0.00734773
-0.00247726    0.998851   0.0478628   0.0117728
 0.00214443  -0.0478576    0.998852 -0.00676743
          0           0           0           1
v_world_imu: -0.00104941  0.00220867  0.00156936
frame_4
id: 4
stamp: 1772809795.064760685
T_odom_lidar: 
   0.999994   0.0026959  -0.0021969 -0.00722572
-0.00258881    0.998874   0.0473723   0.0116063
 0.00232214  -0.0473663    0.998875 -0.00660395
          0           0           0           1
T_world_lidar: 
   0.999994   0.0026959  -0.0021969 -0.00722572
-0.00258881    0.998874   0.0473723   0.0116063
 0.00232214  -0.0473663    0.998875 -0.00660395
          0           0           0           1
v_world_imu: -0.00676706   0.0069233 -0.00103593
frame_5
id: 5
stamp: 1772809795.164844990
T_odom_lidar: 
   0.999995  0.00255837 -0.00172272  -0.0071459
-0.00247336    0.998861   0.0476601   0.0119768
 0.00184269  -0.0476556    0.998862 -0.00679256
          0           0           0           1
T_world_lidar: 
   0.999995  0.00255837 -0.00172272  -0.0071459
-0.00247336    0.998861   0.0476601   0.0119768
 0.00184269  -0.0476556    0.998862 -0.00679256
          0           0           0           1
v_world_imu:  0.00150154 0.000307341 -0.00550522
frame_6
id: 6
stamp: 1772809795.264881611
T_odom_lidar: 
   0.999994  0.00251657 -0.00250518 -0.00731062
-0.00239487    0.998871   0.0474537    0.011577
 0.00262177  -0.0474474     0.99887 -0.00671223
          0           0           0           1
T_world_lidar: 
   0.999994  0.00251657 -0.00250518 -0.00731062
-0.00239487    0.998871   0.0474537    0.011577
 0.00262177  -0.0474474     0.99887 -0.00671223
          0           0           0           1
v_world_imu:  -0.00660206 -0.000676745  0.000290772
frame_7
id: 7
stamp: 1772809795.364764690
T_odom_lidar: 
   0.999995  0.00241453 -0.00207012 -0.00737823
 -0.0023122     0.99884   0.0480873   0.0118821
 0.00218383  -0.0480823    0.998841 -0.00712784
          0           0           0           1
T_world_lidar: 
   0.999995  0.00241453 -0.00207012 -0.00737823
 -0.0023122     0.99884   0.0480873   0.0118821
 0.00218383  -0.0480823    0.998841 -0.00712784
          0           0           0           1
v_world_imu: -0.00267037  0.00924242 -0.00558391
frame_8
id: 8
stamp: 1772809795.464886189
T_odom_lidar: 
   0.999993  0.00249554 -0.00270697 -0.00757393
  -0.002364    0.998866   0.0475551   0.0119591
 0.00282258  -0.0475484    0.998865 -0.00684723
          0           0           0           1
T_world_lidar: 
   0.999993  0.00249554 -0.00270697 -0.00757393
  -0.002364    0.998866   0.0475551   0.0119591
 0.00282258  -0.0475484    0.998865 -0.00684723
          0           0           0           1
v_world_imu: -0.00306996 -0.00202412  0.00485968
frame_9
id: 9
stamp: 1772809795.565092802
T_odom_lidar: 
   0.999995  0.00269901 -0.00132698 -0.00823574
-0.00263279    0.998863   0.0475962   0.0117535
 0.00145394  -0.0475925    0.998866  -0.0060841
          0           0           0           1
T_world_lidar: 
   0.999995  0.00269901 -0.00132698 -0.00823574
-0.00263279    0.998863   0.0475962   0.0117535
 0.00145394  -0.0475925    0.998866  -0.0060841
          0           0           0           1
v_world_imu: -0.0156787 0.00517913  0.0119532
frame_10
id: 10
stamp: 1772809795.665277481
T_odom_lidar: 
   0.999994  0.00248545  -0.0023657 -0.00845565
-0.00236993    0.998862   0.0476419   0.0120118
 0.00248142   -0.047636    0.998862 -0.00583583
          0           0           0           1
T_world_lidar: 
   0.999994  0.00248545  -0.0023657 -0.00845565
-0.00236993    0.998862   0.0476419   0.0120118
 0.00248142   -0.047636    0.998862 -0.00583583
          0           0           0           1
v_world_imu:  0.00738441 0.000691641 -0.00669259
frame_11
id: 11
stamp: 1772809795.765269518
T_odom_lidar: 
   0.999995  0.00277034 -0.00139909 -0.00839555
-0.00270072    0.998867   0.0475223   0.0119553
 0.00152916  -0.0475183    0.998869 -0.00606904
          0           0           0           1
T_world_lidar: 
   0.999995  0.00277034 -0.00139909 -0.00839555
-0.00270072    0.998867   0.0475223   0.0119553
 0.00152916  -0.0475183    0.998869 -0.00606904
          0           0           0           1
v_world_imu: -0.0112296 0.00465369 0.00164833
frame_12
id: 12
stamp: 1772809795.865451813
T_odom_lidar: 
   0.999996  0.00260783 -0.00138451 -0.00859218
-0.00253898    0.998863   0.0475989   0.0124628
 0.00150706  -0.0475952    0.998866 -0.00633909
          0           0           0           1
T_world_lidar: 
   0.999996  0.00260783 -0.00138451 -0.00859218
-0.00253898    0.998863   0.0475989   0.0124628
 0.00150706  -0.0475952    0.998866 -0.00633909
          0           0           0           1
v_world_imu: 0.00553812  0.0027455 -0.0110116
frame_13
id: 13
stamp: 1772809795.965407610
T_odom_lidar: 
   0.999996  0.00246469 -0.00137173 -0.00829316
-0.00239676    0.998869   0.0474955   0.0123494
 0.00148724   -0.047492    0.998871 -0.00658721
          0           0           0           1
T_world_lidar: 
   0.999996  0.00246469 -0.00137173 -0.00829316
-0.00239676    0.998869   0.0474955   0.0123494
 0.00148724   -0.047492    0.998871 -0.00658721
          0           0           0           1
v_world_imu: -0.00193778 -0.00120065 -0.00247362
frame_14
id: 14
stamp: 1772809796.065528631
T_odom_lidar: 
   0.999995  0.00255915 -0.00184696 -0.00809327
-0.00246814    0.998859   0.0477009   0.0122974
 0.00196692  -0.0476961     0.99886  -0.0075443
          0           0           0           1
T_world_lidar: 
   0.999995  0.00255915 -0.00184696 -0.00809327
-0.00246814    0.998859   0.0477009   0.0122974
 0.00196692  -0.0476961     0.99886  -0.0075443
          0           0           0           1
v_world_imu: -0.00270682  0.00587972 -0.00673739
frame_15
id: 15
stamp: 1772809796.165693521
T_odom_lidar: 
   0.999994  0.00268195 -0.00214005 -0.00770179
-0.00257597     0.99884   0.0480765   0.0120516
 0.00226651  -0.0480707    0.998841 -0.00715751
          0           0           0           1
T_world_lidar: 
   0.999994  0.00268195 -0.00214005 -0.00770179
-0.00257597     0.99884   0.0480765   0.0120516
 0.00226651  -0.0480707    0.998841 -0.00715751
          0           0           0           1
v_world_imu:  0.00578222 -0.00513784  0.00392133
frame_16
id: 16
stamp: 1772809796.265527248
T_odom_lidar: 
   0.999994   0.0026051 -0.00222596 -0.00789412
-0.00249654     0.99887   0.0474545   0.0118212
 0.00234707  -0.0474487    0.998871 -0.00677168
          0           0           0           1
T_world_lidar: 
   0.999994   0.0026051 -0.00222596 -0.00789412
-0.00249654     0.99887   0.0474545   0.0118212
 0.00234707  -0.0474487    0.998871 -0.00677168
          0           0           0           1
v_world_imu: -0.00947569  0.00326649  0.00524172
frame_17
id: 17
stamp: 1772809796.365564585
T_odom_lidar: 
   0.999995  0.00245803 -0.00193557 -0.00742278
-0.00236238    0.998847   0.0479576    0.011746
 0.00205122  -0.0479528    0.998847 -0.00664537
          0           0           0           1
T_world_lidar: 
   0.999995  0.00245803 -0.00193557 -0.00742278
-0.00236238    0.998847   0.0479576    0.011746
 0.00205122  -0.0479528    0.998847 -0.00664537
          0           0           0           1
v_world_imu:  0.00730576 -0.00163093 -0.00292386
frame_18
id: 18
stamp: 1772809796.465460062
T_odom_lidar: 
   0.999995  0.00280365 -0.00158824 -0.00699093
 -0.0027255     0.99888   0.0472355   0.0114112
 0.00171889  -0.0472309    0.998883 -0.00654459
          0           0           0           1
T_world_lidar: 
   0.999995  0.00280365 -0.00158824 -0.00699093
 -0.0027255     0.99888   0.0472355   0.0114112
 0.00171889  -0.0472309    0.998883 -0.00654459
          0           0           0           1
v_world_imu: -0.00908533  0.00477605  0.00604338
frame_19
id: 19
stamp: 1772809796.565342188
T_odom_lidar: 
   0.999995    0.002366 -0.00189737 -0.00740406
-0.00227231    0.998847   0.0479479    0.011914
 0.00200862  -0.0479434    0.998848 -0.00618471
          0           0           0           1
T_world_lidar: 
   0.999995    0.002366 -0.00189737 -0.00740406
-0.00227231    0.998847   0.0479479    0.011914
 0.00200862  -0.0479434    0.998848 -0.00618471
          0           0           0           1
v_world_imu:  0.00029964  0.00563119 -0.00781918
frame_20
id: 20
stamp: 1772809796.665383577
T_odom_lidar: 
   0.999995  0.00259914 -0.00189963 -0.00732709
-0.00250678    0.998887   0.0471018   0.0119502
 0.00201994  -0.0470968    0.998888  -0.0065327
          0           0           0           1
T_world_lidar: 
   0.999995  0.00259914 -0.00189963 -0.00732709
-0.00250678    0.998887   0.0471018   0.0119502
 0.00201994  -0.0470968    0.998888  -0.0065327
          0           0           0           1
v_world_imu: -0.00772012   0.0022045 -0.00225954
frame_21
id: 21
stamp: 1772809796.765329838
T_odom_lidar: 
   0.999994  0.00253619 -0.00217294  -0.0078085
 -0.0024303    0.998872   0.0474214    0.011993
 0.00229076  -0.0474159    0.998873  -0.0068406
          0           0           0           1
T_world_lidar: 
   0.999994  0.00253619 -0.00217294  -0.0078085
 -0.0024303    0.998872   0.0474214    0.011993
 0.00229076  -0.0474159    0.998873  -0.0068406
          0           0           0           1
v_world_imu: -0.00488502  0.00713342 -0.00366779
frame_22
id: 22
stamp: 1772809796.865436554
T_odom_lidar: 
   0.999994  0.00246682 -0.00240976 -0.00763297
-0.00234916    0.998861   0.0476634   0.0119783
 0.00252459  -0.0476574    0.998861 -0.00657586
          0           0           0           1
T_world_lidar: 
   0.999994  0.00246682 -0.00240976 -0.00763297
-0.00234916    0.998861   0.0476634   0.0119783
 0.00252459  -0.0476574    0.998861 -0.00657586
          0           0           0           1
v_world_imu: -0.000500902  -0.00496401   0.00509233
frame_23
id: 23
stamp: 1772809796.965347052
T_odom_lidar: 
   0.999994  0.00278296 -0.00181264 -0.00759879
-0.00269301     0.99885    0.047866   0.0117733
 0.00194377  -0.0478609    0.998852 -0.00672703
          0           0           0           1
T_world_lidar: 
   0.999994  0.00278296 -0.00181264 -0.00759879
-0.00269301     0.99885    0.047866   0.0117733
 0.00194377  -0.0478609    0.998852 -0.00672703
          0           0           0           1
v_world_imu: -0.00152049  0.00418851  -0.0063521
frame_24
id: 24
stamp: 1772809797.065388918
T_odom_lidar: 
   0.999993  0.00276501 -0.00242091 -0.00736921
-0.00264573    0.998846   0.0479581   0.0119326
 0.00255072  -0.0479513    0.998846 -0.00680441
          0           0           0           1
T_world_lidar: 
   0.999993  0.00276501 -0.00242091 -0.00736921
-0.00264573    0.998846   0.0479581   0.0119326
 0.00255072  -0.0479513    0.998846 -0.00680441
          0           0           0           1
v_world_imu:  -0.0011944 -0.00126958  0.00358747
frame_25
id: 25
stamp: 1772809797.165369987
T_odom_lidar: 
   0.999994  0.00286105 -0.00179558  -0.0075303
-0.00277197    0.998853   0.0477924   0.0115736
 0.00193026  -0.0477871    0.998856 -0.00668965
          0           0           0           1
T_world_lidar: 
   0.999994  0.00286105 -0.00179558  -0.0075303
-0.00277197    0.998853   0.0477924   0.0115736
 0.00193026  -0.0477871    0.998856 -0.00668965
          0           0           0           1
v_world_imu: -0.00725327  0.00224761 0.000622345
frame_26
id: 26
stamp: 1772809797.265341520
T_odom_lidar: 
   0.999994  0.00256895 -0.00218337   -0.007567
-0.00246117    0.998844   0.0480101   0.0119514
 0.00230419  -0.0480045    0.998844 -0.00654313
          0           0           0           1
T_world_lidar: 
   0.999994  0.00256895 -0.00218337   -0.007567
-0.00246117    0.998844   0.0480101   0.0119514
 0.00230419  -0.0480045    0.998844 -0.00654313
          0           0           0           1
v_world_imu: 0.00360242 0.00131139 0.00439457
frame_27
id: 27
stamp: 1772809797.365349054
T_odom_lidar: 
   0.999994  0.00275145 -0.00203622 -0.00708723
-0.00265233    0.998883   0.0471766   0.0117444
 0.00216375  -0.0471709    0.998884 -0.00652725
          0           0           0           1
T_world_lidar: 
   0.999994  0.00275145 -0.00203622 -0.00708723
-0.00265233    0.998883   0.0471766   0.0117444
 0.00216375  -0.0471709    0.998884 -0.00652725
          0           0           0           1
v_world_imu: -0.00494635  0.00128567 0.000398773
frame_28
id: 28
stamp: 1772809797.465286255
T_odom_lidar: 
   0.999996  0.00237729 -0.00160545 -0.00714241
-0.00229764    0.998849   0.0479102   0.0119701
  0.0017175  -0.0479063     0.99885 -0.00675688
          0           0           0           1
T_world_lidar: 
   0.999996  0.00237729 -0.00160545 -0.00714241
-0.00229764    0.998849   0.0479102   0.0119701
  0.0017175  -0.0479063     0.99885 -0.00675688
          0           0           0           1
v_world_imu:   0.0015314  0.00497332 -0.00675322
frame_29
id: 29
stamp: 1772809797.565193176
T_odom_lidar: 
   0.999996  0.00230812 -0.00181034  -0.0069408
-0.00221937    0.998865   0.0475833   0.0115672
 0.00191812  -0.0475791    0.998866 -0.00667414
          0           0           0           1
T_world_lidar: 
   0.999996  0.00230812 -0.00181034  -0.0069408
-0.00221937    0.998865   0.0475833   0.0115672
 0.00191812  -0.0475791    0.998866 -0.00667414
          0           0           0           1
v_world_imu: -0.00600823 -0.00416024  0.00318907
frame_30
id: 30
stamp: 1772809797.665165901
T_odom_lidar: 
   0.999995  0.00253117 -0.00196251 -0.00748967
-0.00243486    0.998863   0.0476148   0.0117347
  0.0020808  -0.0476097    0.998864 -0.00652838
          0           0           0           1
T_world_lidar: 
   0.999995  0.00253117 -0.00196251 -0.00748967
-0.00243486    0.998863   0.0476148   0.0117347
  0.0020808  -0.0476097    0.998864 -0.00652838
          0           0           0           1
v_world_imu: -0.00473288  0.00594391 -0.00457592
frame_31
id: 31
stamp: 1772809797.765156746
T_odom_lidar: 
   0.999994  0.00237551 -0.00259246 -0.00745895
-0.00224916    0.998859   0.0476986   0.0117183
 0.00270281  -0.0476925    0.998858 -0.00640275
          0           0           0           1
T_world_lidar: 
   0.999994  0.00237551 -0.00259246 -0.00745895
-0.00224916    0.998859   0.0476986   0.0117183
 0.00270281  -0.0476925    0.998858 -0.00640275
          0           0           0           1
v_world_imu: -0.00155554 0.000770745  0.00182303
frame_32
id: 32
stamp: 1772809797.865144491
T_odom_lidar: 
   0.999994  0.00294767 -0.00162745 -0.00741989
-0.00286643     0.99885    0.047849   0.0117832
 0.00176663  -0.0478441    0.998853 -0.00688195
          0           0           0           1
T_world_lidar: 
   0.999994  0.00294767 -0.00162745 -0.00741989
-0.00286643     0.99885    0.047849   0.0117832
 0.00176663  -0.0478441    0.998853 -0.00688195
          0           0           0           1
v_world_imu: -0.00145278  0.00551313 -0.00962736
frame_33
id: 33
stamp: 1772809797.965131998
T_odom_lidar: 
   0.999995  0.00235403 -0.00221539 -0.00726881
-0.00224614    0.998868   0.0475063   0.0119488
 0.00232471  -0.0475011    0.998868 -0.00698348
          0           0           0           1
T_world_lidar: 
   0.999995  0.00235403 -0.00221539 -0.00726881
-0.00224614    0.998868   0.0475063   0.0119488
 0.00232471  -0.0475011    0.998868 -0.00698348
          0           0           0           1
v_world_imu:  0.00311824 -0.00279424  0.00347408
frame_34
id: 34
stamp: 1772809798.065093517
T_odom_lidar: 
   0.999993  0.00292643 -0.00215448 -0.00697359
-0.00282085    0.998868   0.0474749   0.0114229
 0.00229097  -0.0474685     0.99887 -0.00693704
          0           0           0           1
T_world_lidar: 
   0.999993  0.00292643 -0.00215448 -0.00697359
-0.00282085    0.998868   0.0474749   0.0114229
 0.00229097  -0.0474685     0.99887 -0.00693704
          0           0           0           1
v_world_imu: -0.00531537 0.000168151  0.00262606
frame_35
id: 35
stamp: 1772809798.165081263
T_odom_lidar: 
   0.999994  0.00273625 -0.00226663 -0.00697545
-0.00262583    0.998874   0.0473608   0.0114416
 0.00239367  -0.0473546    0.998875 -0.00674423
          0           0           0           1
T_world_lidar: 
   0.999994  0.00273625 -0.00226663 -0.00697545
-0.00262583    0.998874   0.0473608   0.0114416
 0.00239367  -0.0473546    0.998875 -0.00674423
          0           0           0           1
v_world_imu: 0.00377388 0.00131378 0.00331556
frame_36
id: 36
stamp: 1772809798.265070438
T_odom_lidar: 
   0.999994  0.00282467  -0.0021291 -0.00667601
-0.00272056    0.998872   0.0474091   0.0112094
 0.00226061   -0.047403    0.998873 -0.00654686
          0           0           0           1
T_world_lidar: 
   0.999994  0.00282467  -0.0021291 -0.00667601
-0.00272056    0.998872   0.0474091   0.0112094
 0.00226061   -0.047403    0.998873 -0.00654686
          0           0           0           1
v_world_imu:   -0.0108259 -5.59825e-05   0.00618344
frame_37
id: 37
stamp: 1772809798.365252495
T_odom_lidar: 
   0.999994  0.00250807 -0.00247509 -0.00748328
-0.00238805    0.998875   0.0473563   0.0117045
 0.00259108  -0.0473501    0.998875 -0.00634105
          0           0           0           1
T_world_lidar: 
   0.999994  0.00250807 -0.00247509 -0.00748328
-0.00238805    0.998875   0.0473563   0.0117045
 0.00259108  -0.0473501    0.998875 -0.00634105
          0           0           0           1
v_world_imu: -0.00258599  0.00911475 -0.00746365
frame_38
id: 38
stamp: 1772809798.465100288
T_odom_lidar: 
   0.999994  0.00257679 -0.00216258 -0.00753274
-0.00246967    0.998837   0.0481526    0.012137
 0.00228415   -0.048147    0.998838 -0.00646237
          0           0           0           1
T_world_lidar: 
   0.999994  0.00257679 -0.00216258 -0.00753274
-0.00246967    0.998837   0.0481526    0.012137
 0.00228415   -0.048147    0.998838 -0.00646237
          0           0           0           1
v_world_imu:  -0.00708627    0.0033248 -0.000707273
frame_39
id: 39
stamp: 1772809798.565116405
T_odom_lidar: 
   0.999994  0.00263334 -0.00204671 -0.00773808
-0.00253176    0.998837   0.0481412   0.0121942
  0.0021711  -0.0481358    0.998838 -0.00677958
          0           0           0           1
T_world_lidar: 
   0.999994  0.00263334 -0.00204671 -0.00773808
-0.00253176    0.998837   0.0481412   0.0121942
  0.0021711  -0.0481358    0.998838 -0.00677958
          0           0           0           1
v_world_imu: -0.00479913  0.00309142 -0.00433374
frame_40
id: 40
stamp: 1772809798.665201426
T_odom_lidar: 
   0.999995  0.00282532 -0.00152023 -0.00788865
-0.00274903    0.998842   0.0480338   0.0122713
 0.00165418  -0.0480293    0.998845 -0.00705271
          0           0           0           1
T_world_lidar: 
   0.999995  0.00282532 -0.00152023 -0.00788865
-0.00274903    0.998842   0.0480338   0.0122713
 0.00165418  -0.0480293    0.998845 -0.00705271
          0           0           0           1
v_world_imu:  -0.00302406 -0.000832884   0.00151947
frame_41
id: 41
stamp: 1772809798.765307426
T_odom_lidar: 
   0.999995  0.00253078 -0.00203908 -0.00792896
-0.00243072     0.99886    0.047665   0.0120647
 0.00215739  -0.0476598    0.998861 -0.00676455
          0           0           0           1
T_world_lidar: 
   0.999995  0.00253078 -0.00203908 -0.00792896
-0.00243072     0.99886    0.047665   0.0120647
 0.00215739  -0.0476598    0.998861 -0.00676455
          0           0           0           1
v_world_imu: -0.00429785   0.0008743  0.00665943
frame_42
id: 42
stamp: 1772809798.865248203
T_odom_lidar: 
   0.999994  0.00285794 -0.00211682 -0.00773709
-0.00275255    0.998833   0.0482196   0.0119527
 0.00225216  -0.0482135    0.998835 -0.00615718
          0           0           0           1
T_world_lidar: 
   0.999994  0.00285794 -0.00211682 -0.00773709
-0.00275255    0.998833   0.0482196   0.0119527
 0.00225216  -0.0482135    0.998835 -0.00615718
          0           0           0           1
v_world_imu:   0.00531437 -0.000358264   0.00324379
frame_43
id: 43
stamp: 1772809798.965307474
T_odom_lidar: 
   0.999995  0.00279811 -0.00158869 -0.00707975
-0.00271924    0.998861   0.0476454   0.0115228
  0.0017202  -0.0476409    0.998863 -0.00629982
          0           0           0           1
T_world_lidar: 
   0.999995  0.00279811 -0.00158869 -0.00707975
-0.00271924    0.998861   0.0476454   0.0115228
  0.0017202  -0.0476409    0.998863 -0.00629982
          0           0           0           1
v_world_imu: -0.00257553 0.000344435 7.81351e-05
frame_44
id: 44
stamp: 1772809799.065280199
T_odom_lidar: 
   0.999994  0.00230228 -0.00250574  -0.0072255
-0.00218135    0.998881   0.0472405   0.0119152
 0.00261169  -0.0472348     0.99888 -0.00664689
          0           0           0           1
T_world_lidar: 
   0.999994  0.00230228 -0.00250574  -0.0072255
-0.00218135    0.998881   0.0472405   0.0119152
 0.00261169  -0.0472348     0.99888 -0.00664689
          0           0           0           1
v_world_imu: -0.00290229  0.00546353 -0.00507376
frame_45
id: 45
stamp: 1772809799.165495396
T_odom_lidar: 
   0.999994  0.00239556 -0.00253267 -0.00740395
 -0.0022719    0.998857   0.0477475   0.0119078
 0.00264416  -0.0477415    0.998856 -0.00665649
          0           0           0           1
T_world_lidar: 
   0.999994  0.00239556 -0.00253267 -0.00740395
 -0.0022719    0.998857   0.0477475   0.0119078
 0.00264416  -0.0477415    0.998856 -0.00665649
          0           0           0           1
v_world_imu: -0.00767336 0.000691027  0.00307873
frame_46
id: 46
stamp: 1772809799.265544653
T_odom_lidar: 
   0.999995  0.00262712 -0.00178212 -0.00759488
-0.00253982    0.998876   0.0473355   0.0118534
 0.00190447  -0.0473308    0.998877 -0.00695035
          0           0           0           1
T_world_lidar: 
   0.999995  0.00262712 -0.00178212 -0.00759488
-0.00253982    0.998876   0.0473355   0.0118534
 0.00190447  -0.0473308    0.998877 -0.00695035
          0           0           0           1
v_world_imu: -0.00456505  0.00162547 -0.00267829
frame_47
id: 47
stamp: 1772809799.365548372
T_odom_lidar: 
   0.999993   0.0025531 -0.00267424 -0.00757091
-0.00242249    0.998856   0.0477552   0.0119709
  0.0027931  -0.0477484    0.998855 -0.00689268
          0           0           0           1
T_world_lidar: 
   0.999993   0.0025531 -0.00267424 -0.00757091
-0.00242249    0.998856   0.0477552   0.0119709
  0.0027931  -0.0477484    0.998855 -0.00689268
          0           0           0           1
v_world_imu:  0.000775314 -2.23104e-05   0.00155705
frame_48
id: 48
stamp: 1772809799.465736389
T_odom_lidar: 
   0.999993  0.00273503 -0.00241196 -0.00756255
-0.00261699     0.99886   0.0476545   0.0115978
 0.00253954  -0.0476479    0.998861 -0.00688847
          0           0           0           1
T_world_lidar: 
   0.999993  0.00273503 -0.00241196 -0.00756255
-0.00261699     0.99886   0.0476545   0.0115978
 0.00253954  -0.0476479    0.998861 -0.00688847
          0           0           0           1
v_world_imu:  -0.00824745 -0.000341319   0.00482156
frame_49
id: 49
stamp: 1772809799.565682411
T_odom_lidar: 
   0.999995  0.00295203 -0.00141233 -0.00747017
 -0.0028816    0.998867   0.0475101   0.0114944
 0.00155098  -0.0475058     0.99887 -0.00686807
          0           0           0           1
T_world_lidar: 
   0.999995  0.00295203 -0.00141233 -0.00747017
 -0.0028816    0.998867   0.0475101   0.0114944
 0.00155098  -0.0475058     0.99887 -0.00686807
          0           0           0           1
v_world_imu:  0.00756544  0.00040621 -0.00158278
frame_50
id: 50
stamp: 1772809799.665658474
T_odom_lidar: 
   0.999994  0.00282207  -0.0018506  -0.0070513
-0.00273142    0.998878   0.0472811   0.0112098
 0.00198195  -0.0472758     0.99888  -0.0070667
          0           0           0           1
T_world_lidar: 
   0.999994  0.00282207  -0.0018506  -0.0070513
-0.00273142    0.998878   0.0472811   0.0112098
 0.00198195  -0.0472758     0.99888  -0.0070667
          0           0           0           1
v_world_imu: -0.00902544 -0.00172462  0.00237542
frame_51
id: 51
stamp: 1772809799.765775919
T_odom_lidar: 
   0.999996  0.00214475 -0.00160468 -0.00732091
-0.00206583    0.998861   0.0476651   0.0111139
 0.00170508  -0.0476616    0.998862  -0.0070726
          0           0           0           1
T_world_lidar: 
   0.999996  0.00214475 -0.00160468 -0.00732091
-0.00206583    0.998861   0.0476651   0.0111139
 0.00170508  -0.0476616    0.998862  -0.0070726
          0           0           0           1
v_world_imu:  -0.00575651   0.00186218 -0.000792373
frame_52
id: 52
stamp: 1772809799.865875006
T_odom_lidar: 
   0.999995  0.00209184 -0.00244337 -0.00727844
-0.00197313    0.998864   0.0476123   0.0110372
 0.00254019  -0.0476073    0.998863  -0.0070817
          0           0           0           1
T_world_lidar: 
   0.999995  0.00209184 -0.00244337 -0.00727844
-0.00197313    0.998864   0.0476123   0.0110372
 0.00254019  -0.0476073    0.998863  -0.0070817
          0           0           0           1
v_world_imu: 0.000442292  0.00448468 -0.00349696
frame_53
id: 53
stamp: 1772809799.965778351
T_odom_lidar: 
   0.999996  0.00202109 -0.00180327 -0.00717022
-0.00193256    0.998854   0.0478183   0.0112481
 0.00189785  -0.0478146    0.998854 -0.00763357
          0           0           0           1
T_world_lidar: 
   0.999996  0.00202109 -0.00180327 -0.00717022
-0.00193256    0.998854   0.0478183   0.0112481
 0.00189785  -0.0478146    0.998854 -0.00763357
          0           0           0           1
v_world_imu:  -0.00322695   0.00147275 -0.000792482
frame_54
id: 54
stamp: 1772809800.065995216
T_odom_lidar: 
   0.999993  0.00295979 -0.00211393 -0.00714191
-0.00285624    0.998871   0.0474117   0.0112006
 0.00225188  -0.0474054    0.998873 -0.00745164
          0           0           0           1
T_world_lidar: 
   0.999993  0.00295979 -0.00211393 -0.00714191
-0.00285624    0.998871   0.0474117   0.0112006
 0.00225188  -0.0474054    0.998873 -0.00745164
          0           0           0           1
v_world_imu: 0.000303336 0.000704704  0.00229771
frame_55
id: 55
stamp: 1772809800.165769815
T_odom_lidar: 
   0.999994  0.00254421  -0.0021767 -0.00695777
 -0.0024386    0.998882   0.0472205   0.0112364
  0.0022944  -0.0472149    0.998882 -0.00740321
          0           0           0           1
T_world_lidar: 
   0.999994  0.00254421  -0.0021767 -0.00695777
 -0.0024386    0.998882   0.0472205   0.0112364
  0.0022944  -0.0472149    0.998882 -0.00740321
          0           0           0           1
v_world_imu: -0.00419228  0.00503513  0.00404661
frame_56
id: 56
stamp: 1772809800.265782595
T_odom_lidar: 
   0.999994  0.00258865 -0.00233905 -0.00695101
-0.00247425    0.998861   0.0476566   0.0112747
 0.00245975  -0.0476505    0.998861 -0.00723599
          0           0           0           1
T_world_lidar: 
   0.999994  0.00258865 -0.00233905 -0.00695101
-0.00247425    0.998861   0.0476566   0.0112747
 0.00245975  -0.0476505    0.998861 -0.00723599
          0           0           0           1
v_world_imu:    0.0022675  0.000967378 -0.000120536
frame_57
id: 57
stamp: 1772809800.365782976
T_odom_lidar: 
   0.999994  0.00273364 -0.00222695 -0.00696588
-0.00262529    0.998878   0.0472833   0.0113518
  0.0023537  -0.0472772    0.998879 -0.00695294
          0           0           0           1
T_world_lidar: 
   0.999994  0.00273364 -0.00222695 -0.00696588
-0.00262529    0.998878   0.0472833   0.0113518
  0.0023537  -0.0472772    0.998879 -0.00695294
          0           0           0           1
v_world_imu: -0.00671545  0.00481967 0.000711622
frame_58
id: 58
stamp: 1772809800.465772629
T_odom_lidar: 
   0.999996  0.00216407  -0.0018363 -0.00724766
-0.00207459    0.998874   0.0474069   0.0115681
 0.00193682  -0.0474029    0.998874 -0.00706989
          0           0           0           1
T_world_lidar: 
   0.999996  0.00216407  -0.0018363 -0.00724766
-0.00207459    0.998874   0.0474069   0.0115681
 0.00193682  -0.0474029    0.998874 -0.00706989
          0           0           0           1
v_world_imu:  -0.0053508  0.00116824 -0.00546062
frame_59
id: 59
stamp: 1772809800.565813065
T_odom_lidar: 
   0.999995  0.00251621 -0.00169555 -0.00760219
-0.00243309    0.998875   0.0473629   0.0113135
 0.00181281  -0.0473586    0.998876 -0.00675356
          0           0           0           1
T_world_lidar: 
   0.999995  0.00251621 -0.00169555 -0.00760219
-0.00243309    0.998875   0.0473629   0.0113135
 0.00181281  -0.0473586    0.998876 -0.00675356
          0           0           0           1
v_world_imu: -0.00520633  0.00244145  0.00447378
frame_60
id: 60
stamp: 1772809800.665808916
T_odom_lidar: 
   0.999995  0.00229898 -0.00200962 -0.00774704
-0.00220027    0.998854   0.0478127   0.0114338
 0.00211724   -0.047808    0.998854 -0.00662318
          0           0           0           1
T_world_lidar: 
   0.999995  0.00229898 -0.00200962 -0.00774704
-0.00220027    0.998854   0.0478127   0.0114338
 0.00211724   -0.047808    0.998854 -0.00662318
          0           0           0           1
v_world_imu: -0.00262392 -0.00348032 0.000725633
frame_61
id: 61
stamp: 1772809800.765738964
T_odom_lidar: 
   0.999993  0.00289917 -0.00227711 -0.00740419
-0.00278692    0.998851   0.0478401   0.0110047
 0.00241319  -0.0478334    0.998852  -0.0065315
          0           0           0           1
T_world_lidar: 
   0.999993  0.00289917 -0.00227711 -0.00740419
-0.00278692    0.998851   0.0478401   0.0110047
 0.00241319  -0.0478334    0.998852  -0.0065315
          0           0           0           1
v_world_imu:  0.00237661 -0.00148388 -0.00117698
frame_62
id: 62
stamp: 1772809800.865743876
T_odom_lidar: 
   0.999995  0.00250484 -0.00173262 -0.00703364
 -0.0024183    0.998832   0.0482634   0.0110467
 0.00185149   -0.048259    0.998833 -0.00678143
          0           0           0           1
T_world_lidar: 
   0.999995  0.00250484 -0.00173262 -0.00703364
 -0.0024183    0.998832   0.0482634   0.0110467
 0.00185149   -0.048259    0.998833 -0.00678143
          0           0           0           1
v_world_imu: -0.00385177  0.00502855  0.00639224
frame_63
id: 63
stamp: 1772809800.965817690
T_odom_lidar: 
   0.999994  0.00274476  -0.0022784 -0.00686238
-0.00263288    0.998857   0.0477351   0.0110787
 0.00240682  -0.0477288    0.998857 -0.00639939
          0           0           0           1
T_world_lidar: 
   0.999994  0.00274476  -0.0022784 -0.00686238
-0.00263288    0.998857   0.0477351   0.0110787
 0.00240682  -0.0477288    0.998857 -0.00639939
          0           0           0           1
v_world_imu: -0.000252193  0.000960048  -0.00246496
frame_64
id: 64
stamp: 1772809801.065716743
T_odom_lidar: 
   0.999996  0.00241713 -0.00143579 -0.00710438
-0.00234585    0.998858   0.0477287   0.0116234
 0.00154951  -0.0477251    0.998859 -0.00640107
          0           0           0           1
T_world_lidar: 
   0.999996  0.00241713 -0.00143579 -0.00710438
-0.00234585    0.998858   0.0477287   0.0116234
 0.00154951  -0.0477251    0.998859 -0.00640107
          0           0           0           1
v_world_imu:   -0.0100136   0.00988674 -0.000131892
frame_65
id: 65
stamp: 1772809801.165918589
T_odom_lidar: 
   0.999996  0.00212822 -0.00195463 -0.00751012
 -0.0020336    0.998883   0.0471978   0.0118795
  0.0020529  -0.0471936    0.998884 -0.00645546
          0           0           0           1
T_world_lidar: 
   0.999996  0.00212822 -0.00195463 -0.00751012
 -0.0020336    0.998883   0.0471978   0.0118795
  0.0020529  -0.0471936    0.998884 -0.00645546
          0           0           0           1
v_world_imu: -0.00295978  0.00296488 -0.00780745
frame_66
id: 66
stamp: 1772809801.266074181
T_odom_lidar: 
   0.999994  0.00285158 -0.00184806 -0.00773088
-0.00276149    0.998889   0.0470436   0.0119509
 0.00198016  -0.0470382    0.998891 -0.00645403
          0           0           0           1
T_world_lidar: 
   0.999994  0.00285158 -0.00184806 -0.00773088
-0.00276149    0.998889   0.0470436   0.0119509
 0.00198016  -0.0470382    0.998891 -0.00645403
          0           0           0           1
v_world_imu: -0.00582414  0.00475085 0.000279345
frame_67
id: 67
stamp: 1772809801.366315126
T_odom_lidar: 
   0.999996  0.00230192 -0.00140343 -0.00808967
-0.00223174     0.99884   0.0481108   0.0120957
 0.00151255  -0.0481075    0.998841 -0.00652085
          0           0           0           1
T_world_lidar: 
   0.999996  0.00230192 -0.00140343 -0.00808967
-0.00223174     0.99884   0.0481108   0.0120957
 0.00151255  -0.0481075    0.998841 -0.00652085
          0           0           0           1
v_world_imu: -0.00425471 -0.00199605 -0.00181075
frame_68
id: 68
stamp: 1772809801.466402531
T_odom_lidar: 
   0.999995  0.00252405 -0.00190813 -0.00801047
-0.00243001    0.998855   0.0477716   0.0117009
 0.00202653  -0.0477668    0.998856 -0.00628698
          0           0           0           1
T_world_lidar: 
   0.999995  0.00252405 -0.00190813 -0.00801047
-0.00243001    0.998855   0.0477716   0.0117009
 0.00202653  -0.0477668    0.998856 -0.00628698
          0           0           0           1
v_world_imu:   0.00130804 -0.000937068 -0.000686771
frame_69
id: 69
stamp: 1772809801.566644192
T_odom_lidar: 
   0.999994  0.00259435 -0.00227177 -0.00835717
-0.00248264    0.998851   0.0478665   0.0116697
 0.00239334  -0.0478606    0.998851 -0.00592388
          0           0           0           1
T_world_lidar: 
   0.999994  0.00259435 -0.00227177 -0.00835717
-0.00248264    0.998851   0.0478665   0.0116697
 0.00239334  -0.0478606    0.998851 -0.00592388
          0           0           0           1
v_world_imu: -0.00385889  0.00363405  0.00450468
frame_70
id: 70
stamp: 1772809801.666592836
T_odom_lidar: 
   0.999995  0.00270575 -0.00173292 -0.00786996
-0.00262031    0.998866   0.0475389   0.0114192
 0.00185958  -0.0475341    0.998868 -0.00643968
          0           0           0           1
T_world_lidar: 
   0.999995  0.00270575 -0.00173292 -0.00786996
-0.00262031    0.998866   0.0475389   0.0114192
 0.00185958  -0.0475341    0.998868 -0.00643968
          0           0           0           1
v_world_imu:  0.00508822 -0.00603062 -0.00459583
frame_71
id: 71
stamp: 1772809801.766564131
T_odom_lidar: 
   0.999994  0.00280895 -0.00180751 -0.00807373
-0.00271939    0.998854   0.0477791    0.011303
 0.00193965  -0.0477739    0.998856 -0.00630243
          0           0           0           1
T_world_lidar: 
   0.999994  0.00280895 -0.00180751 -0.00807373
-0.00271939    0.998854   0.0477791    0.011303
 0.00193965  -0.0477739    0.998856 -0.00630243
          0           0           0           1
v_world_imu:  -0.00786316   0.00579252 -0.000321276
frame_72
id: 72
stamp: 1772809801.866540909
T_odom_lidar: 
   0.999995  0.00253457 -0.00199686 -0.00777544
-0.00243612    0.998852    0.047849   0.0115075
 0.00211584  -0.0478439    0.998853 -0.00657917
          0           0           0           1
T_world_lidar: 
   0.999995  0.00253457 -0.00199686 -0.00777544
-0.00243612    0.998852    0.047849   0.0115075
 0.00211584  -0.0478439    0.998853 -0.00657917
          0           0           0           1
v_world_imu:  0.00462579 0.000763174 -0.00554392
frame_73
id: 73
stamp: 1772809801.966344833
T_odom_lidar: 
   0.999994  0.00260873 -0.00207427 -0.00770968
-0.00250733    0.998869   0.0474704   0.0115232
 0.00219576  -0.0474649     0.99887 -0.00637811
          0           0           0           1
T_world_lidar: 
   0.999994  0.00260873 -0.00207427 -0.00770968
-0.00250733    0.998869   0.0474704   0.0115232
 0.00219576  -0.0474649     0.99887 -0.00637811
          0           0           0           1
v_world_imu: -0.00324213   0.0053353 -0.00204584
frame_74
id: 74
stamp: 1772809802.066216946
T_odom_lidar: 
   0.999995  0.00259804 -0.00172334 -0.00775009
-0.00251195    0.998834   0.0482077   0.0120536
 0.00184658  -0.0482031    0.998836 -0.00659749
          0           0           0           1
T_world_lidar: 
   0.999995  0.00259804 -0.00172334 -0.00775009
-0.00251195    0.998834   0.0482077   0.0120536
 0.00184658  -0.0482031    0.998836 -0.00659749
          0           0           0           1
v_world_imu: -0.000253498   0.00393309  -0.00695301
frame_75
id: 75
stamp: 1772809802.165988684
T_odom_lidar: 
   0.999994   0.0029226 -0.00202638 -0.00757303
-0.00282303    0.998867   0.0475132   0.0121015
 0.00216295  -0.0475072    0.998869 -0.00667048
          0           0           0           1
T_world_lidar: 
   0.999994   0.0029226 -0.00202638 -0.00757303
-0.00282303    0.998867   0.0475132   0.0121015
 0.00216295  -0.0475072    0.998869 -0.00667048
          0           0           0           1
v_world_imu: -0.00140983  0.00477616 -0.00228288
frame_76
id: 76
stamp: 1772809802.265887499
T_odom_lidar: 
   0.999996  0.00249724 -0.00157485  -0.0077677
-0.00241877    0.998844   0.0480011   0.0124083
  0.0016929  -0.0479971    0.998846 -0.00651372
          0           0           0           1
T_world_lidar: 
   0.999996  0.00249724 -0.00157485  -0.0077677
-0.00241877    0.998844   0.0480011   0.0124083
  0.0016929  -0.0479971    0.998846 -0.00651372
