id: 0
T_world_origin: 
  0.923744   0.378568 -0.0581685     1.1724
 -0.378495   0.925516  0.0126978       2.12
 0.0586429  0.0102869   0.998226  0.0306155
         0          0          0          1
T_origin_endpoint_L: 
  0.926499  -0.376296 0.00130089  -0.283717
  0.376097   0.926112  0.0294561   -2.40651
 -0.012289 -0.0268018   0.999565   0.010525
         0          0          0          1
T_origin_endpoint_R: 
   0.610621     0.79041   0.0489332     5.75708
  -0.791263    0.611469 -0.00304797    -2.59341
 -0.0323302  -0.0368578    0.998797  -0.0874229
          0           0           0           1
T_lidar_imu: 
     1      0      0  0.006
     0      1      0 -0.012
     0      0      1  0.008
     0      0      0      1
imu_bias:    0.0114315  -0.00558102   -0.0398472 -0.000489681  -0.00394213  -0.00420624
frame_id: 2
num_frames: 1872
frame_0
id: 0
stamp: 1773062011.468698978
T_odom_lidar: 
   0.998941  0.00455414  -0.0457904 -0.00689446
 -0.0027465    0.999217   0.0394621   0.0119494
  0.0459343  -0.0392945    0.998171 -0.00900422
          0           0           0           1
T_world_lidar: 
   0.998941  0.00455414  -0.0457904 -0.00689446
 -0.0027465    0.999217   0.0394621   0.0119494
  0.0459343  -0.0392945    0.998171 -0.00900422
          0           0           0           1
v_world_imu:  0.00169041 -0.00291294   0.0573764
frame_1
id: 1
stamp: 1773062011.568724394
T_odom_lidar: 
    0.99893  0.00447597  -0.0460254 -0.00680073
 -0.0026492    0.999209   0.0396751   0.0118936
  0.0461666  -0.0395108    0.998152 -0.00537905
          0           0           0           1
T_world_lidar: 
    0.99893  0.00447597  -0.0460254 -0.00680073
 -0.0026492    0.999209   0.0396751   0.0118936
  0.0461666  -0.0395108    0.998152 -0.00537905
          0           0           0           1
v_world_imu: -0.00482884  -0.0024923  0.00341901
frame_2
id: 2
stamp: 1773062011.668787003
T_odom_lidar: 
    0.99901  0.00444068  -0.0442715  -0.0071932
-0.00268717    0.999212   0.0395892   0.0117238
  0.0444124   -0.039431    0.998235 -0.00662804
          0           0           0           1
T_world_lidar: 
    0.99901  0.00444068  -0.0442715  -0.0071932
-0.00268717    0.999212   0.0395892   0.0117238
  0.0444124   -0.039431    0.998235 -0.00662804
          0           0           0           1
v_world_imu: -0.00956631 -0.00248981 -0.00944417
frame_3
id: 3
stamp: 1773062011.768993139
T_odom_lidar: 
   0.998962    0.004445  -0.0453425 -0.00769293
-0.00264154    0.999206   0.0397568   0.0112802
  0.0454832  -0.0395957     0.99818 -0.00594148
          0           0           0           1
T_world_lidar: 
   0.998962    0.004445  -0.0453425 -0.00769293
-0.00264154    0.999206   0.0397568   0.0112802
  0.0454832  -0.0395957     0.99818 -0.00594148
          0           0           0           1
v_world_imu: -0.00664035  -0.0055976  0.00528626
frame_4
id: 4
stamp: 1773062011.868839025
T_odom_lidar: 
   0.998946  0.00392188   -0.045726  -0.0077228
-0.00210227    0.999206   0.0397741   0.0110015
  0.0458457  -0.0396361    0.998162 -0.00571635
          0           0           0           1
T_world_lidar: 
   0.998946  0.00392188   -0.045726  -0.0077228
-0.00210227    0.999206   0.0397741   0.0110015
  0.0458457  -0.0396361    0.998162 -0.00571635
          0           0           0           1
v_world_imu: -0.00133398 -0.00569582 -0.00281032
frame_5
id: 5
stamp: 1773062011.968822956
T_odom_lidar: 
   0.998968  0.00432687  -0.0452142  -0.0078117
-0.00252205    0.999201   0.0398981   0.0108662
  0.0453507  -0.0397429     0.99818 -0.00609036
          0           0           0           1
T_world_lidar: 
   0.998968  0.00432687  -0.0452142  -0.0078117
-0.00252205    0.999201   0.0398981   0.0108662
  0.0453507  -0.0397429     0.99818 -0.00609036
          0           0           0           1
v_world_imu: -0.00509364  0.00584721  0.00590236
frame_6
id: 6
stamp: 1773062012.068724871
T_odom_lidar: 
   0.998953  0.00420655  -0.0455555 -0.00764367
-0.00238016    0.999194   0.0400719   0.0111056
  0.0456873  -0.0399215    0.998158 -0.00564558
          0           0           0           1
T_world_lidar: 
   0.998953  0.00420655  -0.0455555 -0.00764367
-0.00238016    0.999194   0.0400719   0.0111056
  0.0456873  -0.0399215    0.998158 -0.00564558
          0           0           0           1
v_world_imu: 0.00533921 -0.0027732 0.00308195
frame_7
id: 7
stamp: 1773062012.168725967
T_odom_lidar: 
   0.998997  0.00422488  -0.0445714 -0.00743532
-0.00243319     0.99919   0.0401761   0.0108736
   0.044705  -0.0400274    0.998198 -0.00537749
          0           0           0           1
T_world_lidar: 
   0.998997  0.00422488  -0.0445714 -0.00743532
-0.00243319     0.99919   0.0401761   0.0108736
   0.044705  -0.0400274    0.998198 -0.00537749
          0           0           0           1
v_world_imu: -0.00181608  0.00125824  0.00372117
frame_8
id: 8
stamp: 1773062012.268768549
T_odom_lidar: 
   0.998977  0.00451603  -0.0449846 -0.00737343
-0.00272609    0.999205   0.0397723   0.0112078
  0.0451284   -0.039609    0.998196 -0.00553118
          0           0           0           1
T_world_lidar: 
   0.998977  0.00451603  -0.0449846 -0.00737343
-0.00272609    0.999205   0.0397723   0.0112078
  0.0451284   -0.039609    0.998196 -0.00553118
          0           0           0           1
v_world_imu: 0.000219044 0.000240297 -0.00512293
frame_9
id: 9
stamp: 1773062012.368631840
T_odom_lidar: 
   0.998957  0.00427744  -0.0454495 -0.00741051
-0.00247397     0.99921    0.039663    0.011007
  0.0455833  -0.0395092    0.998179 -0.00564888
          0           0           0           1
T_world_lidar: 
   0.998957  0.00427744  -0.0454495 -0.00741051
-0.00247397     0.99921    0.039663    0.011007
  0.0455833  -0.0395092    0.998179 -0.00564888
          0           0           0           1
v_world_imu: -0.00684712  0.00133739  0.00230124
frame_10
id: 10
stamp: 1773062012.468578339
T_odom_lidar: 
   0.998952  0.00440828  -0.0455542 -0.00762018
-0.00259037    0.999201   0.0398888   0.0112962
  0.0456936   -0.039729    0.998165 -0.00537431
          0           0           0           1
T_world_lidar: 
   0.998952  0.00440828  -0.0455542 -0.00762018
-0.00259037    0.999201   0.0398888   0.0112962
  0.0456936   -0.039729    0.998165 -0.00537431
          0           0           0           1
v_world_imu: -0.00324384 -0.00104175 -0.00370166
frame_11
id: 11
stamp: 1773062012.568842649
T_odom_lidar: 
   0.998968  0.00427393  -0.0452225 -0.00759147
-0.00246486    0.999197    0.039984   0.0111015
  0.0453571  -0.0398312    0.998176 -0.00532418
          0           0           0           1
T_world_lidar: 
   0.998968  0.00427393  -0.0452225 -0.00759147
-0.00246486    0.999197    0.039984   0.0111015
  0.0453571  -0.0398312    0.998176 -0.00532418
          0           0           0           1
v_world_imu: -0.00365504 -0.00359095  0.00256113
frame_12
id: 12
stamp: 1773062012.668916225
T_odom_lidar: 
   0.998974  0.00400314  -0.0451168 -0.00774086
-0.00219939    0.999199   0.0399586   0.0110678
  0.0452406  -0.0398184    0.998182  -0.0055051
          0           0           0           1
T_world_lidar: 
   0.998974  0.00400314  -0.0451168 -0.00774086
-0.00219939    0.999199   0.0399586   0.0110678
  0.0452406  -0.0398184    0.998182  -0.0055051
          0           0           0           1
v_world_imu: -0.00754139 0.000133154 -0.00117526
frame_13
id: 13
stamp: 1773062012.768829823
T_odom_lidar: 
   0.998993  0.00439307  -0.0446406 -0.00785763
-0.00260248    0.999193   0.0400905   0.0108754
  0.0447806  -0.0399339    0.998198  -0.0054342
          0           0           0           1
T_world_lidar: 
   0.998993  0.00439307  -0.0446406 -0.00785763
-0.00260248    0.999193   0.0400905   0.0108754
  0.0447806  -0.0399339    0.998198  -0.0054342
          0           0           0           1
v_world_imu:  0.00175289 -0.00621835   0.0022838
frame_14
id: 14
stamp: 1773062012.868838072
T_odom_lidar: 
   0.998972  0.00414691   -0.045147 -0.00769524
-0.00234137    0.999198   0.0399722     0.01062
  0.0452766  -0.0398254     0.99818 -0.00535046
          0           0           0           1
T_world_lidar: 
   0.998972  0.00414691   -0.045147 -0.00769524
-0.00234137    0.999198   0.0399722     0.01062
  0.0452766  -0.0398254     0.99818 -0.00535046
          0           0           0           1
v_world_imu: -0.00412092  0.00235944  0.00817336
frame_15
id: 15
stamp: 1773062012.969005823
T_odom_lidar: 
   0.998953  0.00408867  -0.0455658 -0.00759441
-0.00226556    0.999197   0.0399906   0.0107898
  0.0456927  -0.0398455    0.998161 -0.00584346
          0           0           0           1
T_world_lidar: 
   0.998953  0.00408867  -0.0455658 -0.00759441
-0.00226556    0.999197   0.0399906   0.0107898
  0.0456927  -0.0398455    0.998161 -0.00584346
          0           0           0           1
v_world_imu: -0.000516844 -0.000141503 -0.000711328
frame_16
id: 16
stamp: 1773062013.068912745
T_odom_lidar: 
   0.998982  0.00463375  -0.0448632 -0.00772274
-0.00284244    0.999199   0.0399102   0.0107826
  0.0450122  -0.0397421    0.998196 -0.00544915
          0           0           0           1
T_world_lidar: 
   0.998982  0.00463375  -0.0448632 -0.00772274
-0.00284244    0.999199   0.0399102   0.0107826
  0.0450122  -0.0397421    0.998196 -0.00544915
          0           0           0           1
v_world_imu:   -0.0050397 -0.000514075   0.00272513
frame_17
id: 17
stamp: 1773062013.168904305
T_odom_lidar: 
   0.998965  0.00432167  -0.0452798 -0.00773334
-0.00251712    0.999203   0.0398346   0.0108981
  0.0454159  -0.0396794     0.99818 -0.00579437
          0           0           0           1
T_world_lidar: 
   0.998965  0.00432167  -0.0452798 -0.00773334
-0.00251712    0.999203   0.0398346   0.0108981
  0.0454159  -0.0396794     0.99818 -0.00579437
          0           0           0           1
v_world_imu: -0.000236637   0.00307548  -0.00606713
frame_18
id: 18
stamp: 1773062013.268922806
T_odom_lidar: 
   0.998966  0.00460567  -0.0452276 -0.00746537
-0.00280286    0.999202   0.0398436    0.010959
   0.045375  -0.0396757    0.998182 -0.00585527
          0           0           0           1
T_world_lidar: 
   0.998966  0.00460567  -0.0452276 -0.00746537
-0.00280286    0.999202   0.0398436    0.010959
   0.045375  -0.0396757    0.998182 -0.00585527
          0           0           0           1
v_world_imu: -0.00349317 -0.00264275  0.00222865
frame_19
id: 19
stamp: 1773062013.368768930
T_odom_lidar: 
   0.998977  0.00440245  -0.0450157  -0.0074813
-0.00261135    0.999205   0.0397701   0.0108187
   0.045155  -0.0396118    0.998194 -0.00598911
          0           0           0           1
T_world_lidar: 
   0.998977  0.00440245  -0.0450157  -0.0074813
-0.00261135    0.999205   0.0397701   0.0108187
   0.045155  -0.0396118    0.998194 -0.00598911
          0           0           0           1
v_world_imu: -0.00494752  0.00246997 -0.00730697
frame_20
id: 20
stamp: 1773062013.468819618
T_odom_lidar: 
    0.99896  0.00426502  -0.0453892 -0.00770107
-0.00246346     0.99921   0.0396734   0.0109246
  0.0455226  -0.0395204    0.998181 -0.00607244
          0           0           0           1
T_world_lidar: 
    0.99896  0.00426502  -0.0453892 -0.00770107
-0.00246346     0.99921   0.0396734   0.0109246
  0.0455226  -0.0395204    0.998181 -0.00607244
          0           0           0           1
v_world_imu:  -0.0045207 -0.00115672  0.00228436
frame_21
id: 21
stamp: 1773062013.568890333
T_odom_lidar: 
   0.998966  0.00417222  -0.0452676 -0.00787602
 -0.0023582    0.999195   0.0400527   0.0108973
  0.0453983  -0.0399045    0.998172 -0.00578113
          0           0           0           1
T_world_lidar: 
   0.998966  0.00417222  -0.0452676 -0.00787602
 -0.0023582    0.999195   0.0400527   0.0108973
  0.0453983  -0.0399045    0.998172 -0.00578113
          0           0           0           1
v_world_imu: -0.00389404 0.000763557  0.00809738
frame_22
id: 22
stamp: 1773062013.668974876
T_odom_lidar: 
   0.998978  0.00434747  -0.0449907 -0.00769648
-0.00254972    0.999199   0.0399388    0.011228
  0.0451283  -0.0397833    0.998189  -0.0057642
          0           0           0           1
T_world_lidar: 
   0.998978  0.00434747  -0.0449907 -0.00769648
-0.00254972    0.999199   0.0399388    0.011228
  0.0451283  -0.0397833    0.998189  -0.0057642
          0           0           0           1
v_world_imu:  0.00131052 0.000647968 -0.00199898
frame_23
id: 23
stamp: 1773062013.768696308
T_odom_lidar: 
   0.998976  0.00451126  -0.0450214 -0.00750851
-0.00270676    0.999194   0.0400617     0.01109
  0.0451659  -0.0398988    0.998182 -0.00589834
          0           0           0           1
T_world_lidar: 
   0.998976  0.00451126  -0.0450214 -0.00750851
-0.00270676    0.999194   0.0400617     0.01109
  0.0451659  -0.0398988    0.998182 -0.00589834
          0           0           0           1
v_world_imu: -0.00408468  0.00190444  0.00537259
frame_24
id: 24
stamp: 1773062013.868640900
T_odom_lidar: 
   0.998955  0.00457518  -0.0454741 -0.00753365
-0.00275879    0.999199   0.0399262   0.0113391
  0.0456204  -0.0397591    0.998167 -0.00573499
          0           0           0           1
T_world_lidar: 
   0.998955  0.00457518  -0.0454741 -0.00753365
-0.00275879    0.999199   0.0399262   0.0113391
  0.0456204  -0.0397591    0.998167 -0.00573499
          0           0           0           1
v_world_imu: -0.00101192  0.00142415 0.000596742
frame_25
id: 25
stamp: 1773062013.968551159
T_odom_lidar: 
    0.99898   0.0043491   -0.044949 -0.00762875
-0.00256732    0.999211    0.039622    0.010977
  0.0450859  -0.0394662    0.998203 -0.00509124
          0           0           0           1
T_world_lidar: 
    0.99898   0.0043491   -0.044949 -0.00762875
-0.00256732    0.999211    0.039622    0.010977
  0.0450859  -0.0394662    0.998203 -0.00509124
          0           0           0           1
v_world_imu: -0.00725244 -0.00549495  0.00693484
frame_26
id: 26
stamp: 1773062014.068544865
T_odom_lidar: 
   0.998965  0.00413257  -0.0452986 -0.00789105
-0.00234266    0.999217   0.0394955    0.010848
  0.0454264  -0.0393485    0.998192 -0.00520736
          0           0           0           1
T_world_lidar: 
   0.998965  0.00413257  -0.0452986 -0.00789105
-0.00234266    0.999217   0.0394955    0.010848
  0.0454264  -0.0393485    0.998192 -0.00520736
          0           0           0           1
v_world_imu: -0.00538801  0.00268424 -0.00879356
frame_27
id: 27
stamp: 1773062014.168638706
T_odom_lidar: 
   0.998956   0.0044013  -0.0454762  -0.0080951
-0.00260254    0.999215   0.0395377   0.0111086
  0.0456145   -0.039378    0.998183 -0.00525741
          0           0           0           1
T_world_lidar: 
   0.998956   0.0044013  -0.0454762  -0.0080951
-0.00260254    0.999215   0.0395377   0.0111086
  0.0456145   -0.039378    0.998183 -0.00525741
          0           0           0           1
v_world_imu: -0.00445973 0.000393563  0.00338339
frame_28
id: 28
stamp: 1773062014.268676996
T_odom_lidar: 
   0.998973  0.00398453  -0.0451395 -0.00803597
-0.00218264    0.999201   0.0398974   0.0110445
  0.0452624  -0.0397579    0.998184 -0.00522139
          0           0           0           1
T_world_lidar: 
   0.998973  0.00398453  -0.0451395 -0.00803597
-0.00218264    0.999201   0.0398974   0.0110445
  0.0452624  -0.0397579    0.998184 -0.00522139
          0           0           0           1
v_world_imu:  -0.00331557 -5.69121e-05   0.00117077
frame_29
id: 29
stamp: 1773062014.368795156
T_odom_lidar: 
    0.99898  0.00428191  -0.0449437 -0.00812521
-0.00248566    0.999199   0.0399467    0.011243
  0.0450788  -0.0397942    0.998191 -0.00572433
          0           0           0           1
T_world_lidar: 
    0.99898  0.00428191  -0.0449437 -0.00812521
-0.00248566    0.999199   0.0399467    0.011243
  0.0450788  -0.0397942    0.998191 -0.00572433
          0           0           0           1
v_world_imu: -0.000447527  2.62383e-05  -0.00273425
frame_30
id: 30
stamp: 1773062014.468785286
T_odom_lidar: 
   0.998951  0.00423298  -0.0455905 -0.00814254
 -0.0024044    0.999193   0.0400891   0.0109865
  0.0457234  -0.0399374    0.998155 -0.00586192
          0           0           0           1
T_world_lidar: 
   0.998951  0.00423298  -0.0455905 -0.00814254
 -0.0024044    0.999193   0.0400891   0.0109865
  0.0457234  -0.0399374    0.998155 -0.00586192
          0           0           0           1
v_world_imu: -0.00394644  0.00375653  0.00585147
frame_31
id: 31
stamp: 1773062014.568686485
T_odom_lidar: 
    0.99894  0.00448023  -0.0458155 -0.00799956
-0.00265064    0.999199    0.039917   0.0113159
  0.0459576  -0.0397532    0.998152 -0.00560764
          0           0           0           1
T_world_lidar: 
    0.99894  0.00448023  -0.0458155 -0.00799956
-0.00265064    0.999199    0.039917   0.0113159
  0.0459576  -0.0397532    0.998152 -0.00560764
          0           0           0           1
v_world_imu:  0.00434569  0.00412658 -0.00177608
frame_32
id: 32
stamp: 1773062014.668602943
T_odom_lidar: 
   0.998944  0.00436709  -0.0457287  -0.0078314
-0.00255054    0.999208   0.0397078   0.0110422
  0.0458659  -0.0395492    0.998164 -0.00539124
          0           0           0           1
T_world_lidar: 
   0.998944  0.00436709  -0.0457287  -0.0078314
-0.00255054    0.999208   0.0397078   0.0110422
  0.0458659  -0.0395492    0.998164 -0.00539124
          0           0           0           1
v_world_imu: -0.00522378 -0.00154065   0.0110186
frame_33
id: 33
stamp: 1773062014.768768072
T_odom_lidar: 
   0.998979  0.00423644  -0.0449714  -0.0079332
-0.00244742    0.999206    0.039762   0.0113601
  0.0451042  -0.0396114    0.998197  -0.0049688
          0           0           0           1
T_world_lidar: 
   0.998979  0.00423644  -0.0449714  -0.0079332
-0.00244742    0.999206    0.039762   0.0113601
  0.0451042  -0.0396114    0.998197  -0.0049688
          0           0           0           1
v_world_imu: -0.000980872   0.00758677  -0.00364683
frame_34
id: 34
stamp: 1773062014.868524790
T_odom_lidar: 
   0.998996  0.00457563  -0.0445573 -0.00791641
-0.00280988    0.999211   0.0396111   0.0116153
  0.0447034  -0.0394461    0.998221 -0.00508716
          0           0           0           1
T_world_lidar: 
   0.998996  0.00457563  -0.0445573 -0.00791641
-0.00280988    0.999211   0.0396111   0.0116153
  0.0447034  -0.0394461    0.998221 -0.00508716
          0           0           0           1
v_world_imu: -0.00257624 -0.00312411  0.00234692
frame_35
id: 35
stamp: 1773062014.968484402
T_odom_lidar: 
    0.99895  0.00397135  -0.0456321 -0.00757707
-0.00215759    0.999208   0.0397283   0.0111384
  0.0457537  -0.0395881    0.998168 -0.00537824
          0           0           0           1
T_world_lidar: 
    0.99895  0.00397135  -0.0456321 -0.00757707
-0.00215759    0.999208   0.0397283   0.0111384
  0.0457537  -0.0395881    0.998168 -0.00537824
          0           0           0           1
v_world_imu: -0.00124529 -0.00489621 -0.00407837
frame_36
id: 36
stamp: 1773062015.068598509
T_odom_lidar: 
   0.998976  0.00417921  -0.0450472 -0.00788524
-0.00237648    0.999197   0.0399981   0.0111841
  0.0451782  -0.0398501    0.998184 -0.00552598
          0           0           0           1
T_world_lidar: 
   0.998976  0.00417921  -0.0450472 -0.00788524
-0.00237648    0.999197   0.0399981   0.0111841
  0.0451782  -0.0398501    0.998184 -0.00552598
          0           0           0           1
v_world_imu: -0.00433062  0.00140125 -0.00109457
frame_37
id: 37
stamp: 1773062015.168581009
T_odom_lidar: 
   0.998965  0.00399499  -0.0453083 -0.00801917
-0.00218952    0.999204   0.0398283   0.0113761
  0.0454314  -0.0396879    0.998179 -0.00634934
          0           0           0           1
T_world_lidar: 
   0.998965  0.00399499  -0.0453083 -0.00801917
-0.00218952    0.999204   0.0398283   0.0113761
  0.0454314  -0.0396879    0.998179 -0.00634934
          0           0           0           1
v_world_imu: -0.00572841  0.00251269  0.00149288
frame_38
id: 38
stamp: 1773062015.268494844
T_odom_lidar: 
    0.99896  0.00409731  -0.0454035 -0.00804759
-0.00227909    0.999196   0.0400254   0.0114167
   0.045531  -0.0398804    0.998167 -0.00607694
          0           0           0           1
T_world_lidar: 
    0.99896  0.00409731  -0.0454035 -0.00804759
-0.00227909    0.999196   0.0400254   0.0114167
   0.045531  -0.0398804    0.998167 -0.00607694
          0           0           0           1
v_world_imu:  0.00333108 -0.00154259   0.0013411
frame_39
id: 39
stamp: 1773062015.368587971
T_odom_lidar: 
   0.998953  0.00415655  -0.0455563 -0.00779815
-0.00232367    0.999188   0.0402126    0.011094
  0.0456865  -0.0400647    0.998152 -0.00616028
          0           0           0           1
T_world_lidar: 
   0.998953  0.00415655  -0.0455563 -0.00779815
-0.00232367    0.999188   0.0402126    0.011094
  0.0456865  -0.0400647    0.998152 -0.00616028
          0           0           0           1
v_world_imu:  -0.00137046 -0.000749212   0.00930006
frame_40
id: 40
stamp: 1773062015.468572378
T_odom_lidar: 
   0.998945  0.00425014  -0.0457329 -0.00789452
-0.00242789    0.999204   0.0398276   0.0113749
  0.0458657  -0.0396745    0.998159 -0.00584867
          0           0           0           1
T_world_lidar: 
   0.998945  0.00425014  -0.0457329 -0.00789452
-0.00242789    0.999204   0.0398276   0.0113749
  0.0458657  -0.0396745    0.998159 -0.00584867
          0           0           0           1
v_world_imu: -0.000364746   0.00632262 -0.000242994
frame_41
id: 41
stamp: 1773062015.568412066
T_odom_lidar: 
   0.998978  0.00448506  -0.0449736 -0.00774888
-0.00269078    0.999201   0.0398779   0.0114624
  0.0451165  -0.0397161    0.998192 -0.00577763
          0           0           0           1
T_world_lidar: 
   0.998978  0.00448506  -0.0449736 -0.00774888
-0.00269078    0.999201   0.0398779   0.0114624
  0.0451165  -0.0397161    0.998192 -0.00577763
          0           0           0           1
v_world_imu: -0.00249019 0.000822385  0.00577406
frame_42
id: 42
stamp: 1773062015.668582439
T_odom_lidar: 
   0.998971  0.00437843  -0.0451424 -0.00769504
-0.00257793    0.999202   0.0398662   0.0115532
  0.0452809  -0.0397088    0.998185 -0.00563134
          0           0           0           1
T_world_lidar: 
   0.998971  0.00437843  -0.0451424 -0.00769504
-0.00257793    0.999202   0.0398662   0.0115532
  0.0452809  -0.0397088    0.998185 -0.00563134
          0           0           0           1
v_world_imu: 0.000938434 -0.00155171 -0.00466509
frame_43
id: 43
stamp: 1773062015.768662930
T_odom_lidar: 
   0.998941  0.00431776  -0.0457991 -0.00727017
-0.00250622    0.999215   0.0395379    0.011555
  0.0459339  -0.0393813    0.998168 -0.00578319
          0           0           0           1
T_world_lidar: 
   0.998941  0.00431776  -0.0457991 -0.00727017
-0.00250622    0.999215   0.0395379    0.011555
  0.0459339  -0.0393813    0.998168 -0.00578319
          0           0           0           1
v_world_imu: -0.000756194   0.00246179  -0.00020927
frame_44
id: 44
stamp: 1773062015.868701220
T_odom_lidar: 
   0.998974  0.00412489  -0.0451074 -0.00714173
-0.00234539    0.999219   0.0394322   0.0117282
  0.0452348   -0.039286    0.998204 -0.00646868
          0           0           0           1
T_world_lidar: 
   0.998974  0.00412489  -0.0451074 -0.00714173
-0.00234539    0.999219   0.0394322   0.0117282
  0.0452348   -0.039286    0.998204 -0.00646868
          0           0           0           1
v_world_imu: -0.00534001  0.00191628 -0.00496661
frame_45
id: 45
stamp: 1773062015.968769789
T_odom_lidar: 
   0.998965   0.0040694  -0.0453015 -0.00737665
-0.00226318    0.999203   0.0398514   0.0119663
  0.0454276  -0.0397076    0.998178 -0.00624787
          0           0           0           1
T_world_lidar: 
   0.998965   0.0040694  -0.0453015 -0.00737665
-0.00226318    0.999203   0.0398514   0.0119663
  0.0454276  -0.0397076    0.998178 -0.00624787
          0           0           0           1
v_world_imu: -0.000881291   0.00136757   0.00245005
frame_46
id: 46
stamp: 1773062016.068734169
T_odom_lidar: 
   0.998987  0.00417545  -0.0447991 -0.00729645
-0.00238844    0.999202   0.0398691   0.0116348
  0.0449298  -0.0397217      0.9982 -0.00644357
          0           0           0           1
T_world_lidar: 
   0.998987  0.00417545  -0.0447991 -0.00729645
-0.00238844    0.999202   0.0398691   0.0116348
  0.0449298  -0.0397217      0.9982 -0.00644357
          0           0           0           1
v_world_imu: -0.000907828  -0.00390572   0.00229901
frame_47
id: 47
stamp: 1773062016.168659925
T_odom_lidar: 
   0.998945  0.00402391  -0.0457481 -0.00733122
-0.00219825    0.999202   0.0398873   0.0117454
  0.0458721  -0.0397447    0.998156 -0.00667024
          0           0           0           1
T_world_lidar: 
   0.998945  0.00402391  -0.0457481 -0.00733122
-0.00219825    0.999202   0.0398873   0.0117454
  0.0458721  -0.0397447    0.998156 -0.00667024
          0           0           0           1
v_world_imu: -0.000235441   0.00288708  -0.00147576
frame_48
id: 48
stamp: 1773062016.268730640
T_odom_lidar: 
   0.998962  0.00425259  -0.0453501 -0.00731696
-0.00244149      0.9992    0.039917   0.0114832
  0.0454836  -0.0397648    0.998173 -0.00660097
          0           0           0           1
T_world_lidar: 
   0.998962  0.00425259  -0.0453501 -0.00731696
-0.00244149      0.9992    0.039917   0.0114832
  0.0454836  -0.0397648    0.998173 -0.00660097
          0           0           0           1
v_world_imu: -0.00251602 0.000741237  0.00655186
frame_49
id: 49
stamp: 1773062016.368836164
T_odom_lidar: 
   0.998961  0.00432257  -0.0453689 -0.00732534
-0.00251357    0.999202   0.0398547   0.0114199
   0.045505  -0.0396993    0.998175   -0.006001
          0           0           0           1
T_world_lidar: 
   0.998961  0.00432257  -0.0453689 -0.00732534
-0.00251357    0.999202   0.0398547   0.0114199
   0.045505  -0.0396993    0.998175   -0.006001
          0           0           0           1
v_world_imu:  0.00118962 -0.00235636  0.00390112
frame_50
id: 50
stamp: 1773062016.468634129
T_odom_lidar: 
   0.998957  0.00430303  -0.0454517 -0.00718765
-0.00250289    0.999213   0.0395887   0.0112285
  0.0455863  -0.0394336    0.998182 -0.00575001
          0           0           0           1
T_world_lidar: 
   0.998957  0.00430303  -0.0454517 -0.00718765
-0.00250289    0.999213   0.0395887   0.0112285
  0.0455863  -0.0394336    0.998182 -0.00575001
          0           0           0           1
v_world_imu:  -0.00638424 -7.52466e-05    0.0031253
frame_51
id: 51
stamp: 1773062016.568603754
T_odom_lidar: 
   0.998965  0.00422371  -0.0452882  -0.0074577
-0.00243122    0.999214   0.0395619   0.0112964
  0.0454197  -0.0394108     0.99819 -0.00580846
          0           0           0           1
T_world_lidar: 
   0.998965  0.00422371  -0.0452882  -0.0074577
-0.00243122    0.999214   0.0395619   0.0112964
  0.0454197  -0.0394108     0.99819 -0.00580846
          0           0           0           1
v_world_imu: -0.00420514   0.0017902 -0.00841635
frame_52
id: 52
stamp: 1773062016.668538570
T_odom_lidar: 
   0.998941  0.00422063  -0.0458144 -0.00769017
-0.00239157    0.999201    0.039905   0.0114068
  0.0459462  -0.0397531    0.998153  -0.0052267
          0           0           0           1
T_world_lidar: 
   0.998941  0.00422063  -0.0458144 -0.00769017
-0.00239157    0.999201    0.039905   0.0114068
  0.0459462  -0.0397531    0.998153  -0.0052267
          0           0           0           1
v_world_imu: -0.00833192 -0.00361415   0.0105993
frame_53
id: 53
stamp: 1773062016.768676996
T_odom_lidar: 
   0.998966  0.00428414  -0.0452607 -0.00846355
-0.00247725    0.999201   0.0399026   0.0111279
  0.0453955  -0.0397492    0.998178 -0.00497029
          0           0           0           1
T_world_lidar: 
   0.998966  0.00428414  -0.0452607 -0.00846355
-0.00247725    0.999201   0.0399026   0.0111279
  0.0453955  -0.0397492    0.998178 -0.00497029
          0           0           0           1
v_world_imu:   -0.007525 -0.00115132  0.00130206
frame_54
id: 54
stamp: 1773062016.868733406
T_odom_lidar: 
   0.998954  0.00428076  -0.0455217  -0.0083674
-0.00246942    0.999206   0.0397727   0.0113573
  0.0456558  -0.0396187    0.998171 -0.00510717
          0           0           0           1
T_world_lidar: 
   0.998954  0.00428076  -0.0455217  -0.0083674
-0.00246942    0.999206   0.0397727   0.0113573
  0.0456558  -0.0396187    0.998171 -0.00510717
          0           0           0           1
v_world_imu:   0.0043914  0.00292972 -0.00216021
frame_55
id: 55
stamp: 1773062016.968600035
T_odom_lidar: 
   0.998958  0.00404022   -0.045465  -0.0077661
-0.00221681    0.999194   0.0400848   0.0112464
  0.0455903  -0.0399422    0.998161 -0.00555059
          0           0           0           1
T_world_lidar: 
   0.998958  0.00404022   -0.045465  -0.0077661
-0.00221681    0.999194   0.0400848   0.0112464
  0.0455903  -0.0399422    0.998161 -0.00555059
          0           0           0           1
v_world_imu:  0.00108264 0.000905903 0.000427558
frame_56
id: 56
stamp: 1773062017.068684578
T_odom_lidar: 
   0.998967  0.00416087  -0.0452562 -0.00769865
-0.00234897    0.999196   0.0400163   0.0111397
  0.0453863  -0.0398687    0.998174 -0.00569328
          0           0           0           1
T_world_lidar: 
   0.998967  0.00416087  -0.0452562 -0.00769865
-0.00234897    0.999196   0.0400163   0.0111397
  0.0453863  -0.0398687    0.998174 -0.00569328
          0           0           0           1
v_world_imu:  0.00164638 0.000566816  0.00178538
frame_57
id: 57
stamp: 1773062017.168787718
T_odom_lidar: 
   0.998974  0.00413066  -0.0450904 -0.00746675
 -0.0023391    0.999208   0.0397133   0.0112089
  0.0452188  -0.0395671    0.998193 -0.00548953
          0           0           0           1
T_world_lidar: 
   0.998974  0.00413066  -0.0450904 -0.00746675
 -0.0023391    0.999208   0.0397133   0.0112089
  0.0452188  -0.0395671    0.998193 -0.00548953
          0           0           0           1
v_world_imu: -0.00321187  0.00327207  0.00811495
frame_58
id: 58
stamp: 1773062017.268648863
T_odom_lidar: 
   0.998982  0.00447207  -0.0448917 -0.00738614
-0.00269124     0.99921   0.0396518   0.0114065
  0.0450336  -0.0394906    0.998205 -0.00520326
          0           0           0           1
T_world_lidar: 
   0.998982  0.00447207  -0.0448917 -0.00738614
-0.00269124     0.99921   0.0396518   0.0114065
  0.0450336  -0.0394906    0.998205 -0.00520326
          0           0           0           1
v_world_imu: 0.000117516  0.00185321  -0.0077541
frame_59
id: 59
stamp: 1773062017.368632793
T_odom_lidar: 
   0.998973  0.00419656  -0.0451204 -0.00730766
-0.00241046    0.999214    0.039567   0.0114413
  0.0452509  -0.0394176    0.998198 -0.00522377
          0           0           0           1
T_world_lidar: 
   0.998973  0.00419656  -0.0451204 -0.00730766
-0.00241046    0.999214    0.039567   0.0114413
  0.0452509  -0.0394176    0.998198 -0.00522377
          0           0           0           1
v_world_imu: -0.00605916 0.000920589  0.00432506
frame_60
id: 60
stamp: 1773062017.468645811
T_odom_lidar: 
    0.99895  0.00399962  -0.0456447 -0.00750254
-0.00219911     0.99922   0.0394284    0.011625
  0.0457668  -0.0392866    0.998179 -0.00556921
          0           0           0           1
T_world_lidar: 
    0.99895  0.00399962  -0.0456447 -0.00750254
-0.00219911     0.99922   0.0394284    0.011625
  0.0457668  -0.0392866    0.998179 -0.00556921
          0           0           0           1
v_world_imu: -0.00416854 0.000918839 -0.00740122
frame_61
id: 61
stamp: 1773062017.568733454
T_odom_lidar: 
   0.998975  0.00432375  -0.0450531 -0.00782217
-0.00253754    0.999211   0.0396288   0.0118311
  0.0451889  -0.0394739    0.998198 -0.00568922
          0           0           0           1
T_world_lidar: 
   0.998975  0.00432375  -0.0450531 -0.00782217
-0.00253754    0.999211   0.0396288   0.0118311
  0.0451889  -0.0394739    0.998198 -0.00568922
          0           0           0           1
v_world_imu: -0.00441151 0.000115134  0.00468708
frame_62
id: 62
stamp: 1773062017.668785334
T_odom_lidar: 
   0.998987  0.00405998   -0.044809  -0.0078559
-0.00226945      0.9992   0.0399379   0.0118667
  0.0449353  -0.0397957    0.998197 -0.00582029
          0           0           0           1
T_world_lidar: 
   0.998987  0.00405998   -0.044809  -0.0078559
-0.00226945      0.9992   0.0399379   0.0118667
  0.0449353  -0.0397957    0.998197 -0.00582029
          0           0           0           1
v_world_imu:    -0.003589  0.000550336 -0.000333182
frame_63
id: 63
stamp: 1773062017.768708706
T_odom_lidar: 
   0.998954  0.00412841  -0.0455401 -0.00802823
-0.00230372    0.999195   0.0400477   0.0117038
  0.0456688  -0.0399009    0.998159 -0.00585371
          0           0           0           1
T_world_lidar: 
   0.998954  0.00412841  -0.0455401 -0.00802823
-0.00230372    0.999195   0.0400477   0.0117038
  0.0456688  -0.0399009    0.998159 -0.00585371
          0           0           0           1
v_world_imu: -0.00038875 -0.00321641  0.00507203
frame_64
id: 64
stamp: 1773062017.868616104
T_odom_lidar: 
   0.998959  0.00411288  -0.0454406 -0.00799787
-0.00228839    0.999192   0.0401304   0.0114381
  0.0455689  -0.0399846    0.998161 -0.00576979
          0           0           0           1
T_world_lidar: 
   0.998959  0.00411288  -0.0454406 -0.00799787
-0.00228839    0.999192   0.0401304   0.0114381
  0.0455689  -0.0399846    0.998161 -0.00576979
          0           0           0           1
v_world_imu:  -0.00253673   0.00155547 -0.000678474
frame_65
id: 65
stamp: 1773062017.968567610
T_odom_lidar: 
   0.998962   0.0043144  -0.0453494 -0.00807447
-0.00249719    0.999194   0.0400518   0.0116512
  0.0454857  -0.0398969    0.998168 -0.00588591
          0           0           0           1
T_world_lidar: 
   0.998962   0.0043144  -0.0453494 -0.00807447
-0.00249719    0.999194   0.0400518   0.0116512
  0.0454857  -0.0398969    0.998168 -0.00588591
          0           0           0           1
v_world_imu:   0.00317747   0.00311234 -0.000146686
frame_66
id: 66
stamp: 1773062018.068818569
T_odom_lidar: 
   0.998956  0.00428444  -0.0454729 -0.00759664
-0.00246399    0.999196   0.0400145   0.0117192
  0.0456077  -0.0398607    0.998164 -0.00591619
          0           0           0           1
T_world_lidar: 
   0.998956  0.00428444  -0.0454729 -0.00759664
-0.00246399    0.999196   0.0400145   0.0117192
  0.0456077  -0.0398607    0.998164 -0.00591619
          0           0           0           1
v_world_imu: -0.00090606  0.00101365  0.00196935
frame_67
id: 67
stamp: 1773062018.168670177
T_odom_lidar: 
   0.998965  0.00413349  -0.0452985 -0.00752184
-0.00235009    0.999223   0.0393528   0.0117455
  0.0454259  -0.0392056    0.998198 -0.00609847
          0           0           0           1
T_world_lidar: 
   0.998965  0.00413349  -0.0452985 -0.00752184
-0.00235009    0.999223   0.0393528   0.0117455
  0.0454259  -0.0392056    0.998198 -0.00609847
          0           0           0           1
v_world_imu: -0.00100631 -0.00219423 -0.00379925
frame_68
id: 68
stamp: 1773062018.268856764
T_odom_lidar: 
   0.998953   0.0041974   -0.045553 -0.00761429
-0.00238677    0.999208   0.0397296   0.0115899
  0.0456836  -0.0395793    0.998172 -0.00591898
          0           0           0           1
T_world_lidar: 
   0.998953   0.0041974   -0.045553 -0.00761429
-0.00238677    0.999208   0.0397296   0.0115899
  0.0456836  -0.0395793    0.998172 -0.00591898
          0           0           0           1
v_world_imu: -0.00544738 -0.00419751  0.00402011
frame_69
id: 69
stamp: 1773062018.368789434
T_odom_lidar: 
   0.998977  0.00399607  -0.0450487  -0.0078483
-0.00220133    0.999204   0.0398194   0.0112502
   0.045172  -0.0396795    0.998191 -0.00616447
          0           0           0           1
T_world_lidar: 
   0.998977  0.00399607  -0.0450487  -0.0078483
-0.00220133    0.999204   0.0398194   0.0112502
   0.045172  -0.0396795    0.998191 -0.00616447
          0           0           0           1
v_world_imu: -0.00438537 -0.00341051 -0.00451471
frame_70
id: 70
stamp: 1773062018.468885899
T_odom_lidar: 
   0.998949  0.00390726  -0.0456679  -0.0078417
-0.00206817    0.999188   0.0402492   0.0110488
   0.045788  -0.0401124    0.998146 -0.00607588
          0           0           0           1
T_world_lidar: 
   0.998949  0.00390726  -0.0456679  -0.0078417
-0.00206817    0.999188   0.0402492   0.0110488
   0.045788  -0.0401124    0.998146 -0.00607588
          0           0           0           1
v_world_imu: 0.00265394 -0.0012017 0.00411755
frame_71
id: 71
stamp: 1773062018.569020748
T_odom_lidar: 
   0.998965  0.00408719  -0.0452939 -0.00761833
-0.00226402    0.999188   0.0402303   0.0108423
  0.0454216  -0.0400862    0.998163 -0.00607739
          0           0           0           1
T_world_lidar: 
   0.998965  0.00408719  -0.0452939 -0.00761833
-0.00226402    0.999188   0.0402303   0.0108423
  0.0454216  -0.0400862    0.998163 -0.00607739
          0           0           0           1
v_world_imu: -0.00321712  0.00116906  0.00207371
frame_72
id: 72
stamp: 1773062018.668967009
T_odom_lidar: 
   0.998969  0.00421705  -0.0451942 -0.00793625
-0.00241484    0.999202   0.0398577    0.011068
  0.0453262  -0.0397075    0.998183 -0.00570594
          0           0           0           1
T_world_lidar: 
   0.998969  0.00421705  -0.0451942 -0.00793625
-0.00241484    0.999202   0.0398577    0.011068
  0.0453262  -0.0397075    0.998183 -0.00570594
          0           0           0           1
v_world_imu: -0.000210295   0.00289594   0.00512409
frame_73
id: 73
stamp: 1773062018.768793344
T_odom_lidar: 
   0.998985  0.00441415  -0.0448305 -0.00760702
-0.00262835    0.999204   0.0398154   0.0111063
  0.0449706  -0.0396571    0.998201  -0.0059555
          0           0           0           1
T_world_lidar: 
   0.998985  0.00441415  -0.0448305 -0.00760702
-0.00262835    0.999204   0.0398154   0.0111063
  0.0449706  -0.0396571    0.998201  -0.0059555
          0           0           0           1
v_world_imu:  0.00139772 0.000804616 -0.00123312
frame_74
id: 74
stamp: 1773062018.868804932
T_odom_lidar: 
   0.998993  0.00416797  -0.0446805 -0.00748672
-0.00240097    0.999216   0.0395284   0.0110689
  0.0448102  -0.0393813    0.998219 -0.00578919
          0           0           0           1
T_world_lidar: 
   0.998993  0.00416797  -0.0446805 -0.00748672
-0.00240097    0.999216   0.0395284   0.0110689
  0.0448102  -0.0393813    0.998219 -0.00578919
          0           0           0           1
v_world_imu: 0.000864904 0.000662438  0.00434928
frame_75
id: 75
stamp: 1773062018.968862772
T_odom_lidar: 
   0.998954  0.00418692  -0.0455376 -0.00711982
-0.00239088     0.99922   0.0394241   0.0111468
  0.0456672  -0.0392739    0.998184 -0.00538153
          0           0           0           1
T_world_lidar: 
   0.998954  0.00418692  -0.0455376 -0.00711982
-0.00239088     0.99922   0.0394241   0.0111468
  0.0456672  -0.0392739    0.998184 -0.00538153
          0           0           0           1
v_world_imu: -0.00332385 -0.00290495  0.00526346
frame_76
id: 76
stamp: 1773062019.068956137
T_odom_lidar: 
   0.998986  0.00416408  -0.0448264 -0.00764153
-0.00238259    0.999208   0.0397223   0.0110123
  0.0449563  -0.0395752    0.998205 -0.00560904
          0           0           0           1
T_world_lidar: 
   0.998986  0.00416408  -0.0448264 -0.00764153
-0.00238259    0.999208   0.0397223   0.0110123
  0.0449563  -0.0395752    0.998205 -0.00560904
          0           0           0           1
v_world_imu:  -0.0102635  0.00293622 -0.00722036
