id: 0
T_world_origin: 
  -0.293137    0.955848  -0.0206232   -0.903495
  -0.956066   -0.293134  0.00321271    0.868735
-0.00297451   0.0206589    0.999782  -0.0559824
          0           0           0           1
T_origin_endpoint_L: 
 -0.288562   -0.95735  0.0146001   0.565248
  0.956558  -0.288919 -0.0390225    1.11913
 0.0415764 0.00270546   0.999132  0.0345234
         0          0          0          1
T_origin_endpoint_R: 
    0.999999 -0.000859923 -0.000627871  -0.00162769
 0.000860743     0.999999   0.00130652  0.000109201
 0.000626747  -0.00130706     0.999999   0.00103718
           0            0            0            1
T_lidar_imu: 
     1      0      0  0.006
     0      1      0 -0.012
     0      0      1  0.008
     0      0      0      1
imu_bias:   0.0367291  -0.0352081  -0.0349167 0.000928933 -0.00559469 -0.00417681
frame_id: 2
num_frames: 2127
frame_0
id: 0
stamp: 1773061770.768257141
T_odom_lidar: 
    0.998055    0.0044162   -0.0621847  -0.00562355
 -0.00438177      0.99999  0.000690046    0.0123972
   0.0621871 -0.000416225     0.998064  -0.00839058
           0            0            0            1
T_world_lidar: 
    0.998055    0.0044162   -0.0621847  -0.00562355
 -0.00438177      0.99999  0.000690046    0.0123972
   0.0621871 -0.000416225     0.998064  -0.00839058
           0            0            0            1
v_world_imu: 0.0144201 -0.012217 0.0543529
frame_1
id: 1
stamp: 1773061770.868126392
T_odom_lidar: 
   0.998031  0.00401813  -0.0625916 -0.00465803
-0.00388169     0.99999  0.00230141   0.0119379
  0.0626002 -0.00205391    0.998037 -0.00554119
          0           0           0           1
T_world_lidar: 
   0.998031  0.00401813  -0.0625916 -0.00465803
-0.00388169     0.99999  0.00230141   0.0119379
  0.0626002 -0.00205391    0.998037 -0.00554119
          0           0           0           1
v_world_imu: -0.00282382  0.00138471  0.00067315
frame_2
id: 2
stamp: 1773061770.968195915
T_odom_lidar: 
    0.998106   0.00363065   -0.0614037  -0.00490982
 -0.00360754     0.999993   0.00048716    0.0125187
    0.061405 -0.000264721     0.998113  -0.00702524
           0            0            0            1
T_world_lidar: 
    0.998106   0.00363065   -0.0614037  -0.00490982
 -0.00360754     0.999993   0.00048716    0.0125187
    0.061405 -0.000264721     0.998113  -0.00702524
           0            0            0            1
v_world_imu: -0.00145971 0.000753569 -0.00736589
frame_3
id: 3
stamp: 1773061771.068071604
T_odom_lidar: 
   0.998054  0.00400435  -0.0622239 -0.00534595
-0.00390239    0.999991  0.00175995   0.0118057
  0.0622304 -0.00151371    0.998061 -0.00604575
          0           0           0           1
T_world_lidar: 
   0.998054  0.00400435  -0.0622239 -0.00534595
-0.00390239    0.999991  0.00175995   0.0118057
  0.0622304 -0.00151371    0.998061 -0.00604575
          0           0           0           1
v_world_imu:  -0.0102285 -0.00213321   0.0128455
frame_4
id: 4
stamp: 1773061771.168060064
T_odom_lidar: 
   0.998061  0.00372769  -0.0621244 -0.00563959
-0.00364124    0.999992  0.00150474   0.0120169
  0.0621296 -0.00127561    0.998067 -0.00554816
          0           0           0           1
T_world_lidar: 
   0.998061  0.00372769  -0.0621244 -0.00563959
-0.00364124    0.999992  0.00150474   0.0120169
  0.0621296 -0.00127561    0.998067 -0.00554816
          0           0           0           1
v_world_imu: 0.00318349 0.00116677 0.00389608
frame_5
id: 5
stamp: 1773061771.268172741
T_odom_lidar: 
    0.998071   0.00410809   -0.0619503   -0.0054173
 -0.00403827     0.999991   0.00125217    0.0115898
   0.0619549 -0.000999587     0.998078  -0.00550842
           0            0            0            1
T_world_lidar: 
    0.998071   0.00410809   -0.0619503   -0.0054173
 -0.00403827     0.999991   0.00125217    0.0115898
   0.0619549 -0.000999587     0.998078  -0.00550842
           0            0            0            1
v_world_imu: -0.000576525  -0.00398039   0.00442979
frame_6
id: 6
stamp: 1773061771.368164062
T_odom_lidar: 
    0.998038   0.00418643   -0.0624723  -0.00542062
 -0.00411988     0.999991   0.00119414    0.0116103
   0.0624767 -0.000934422     0.998046  -0.00552187
           0            0            0            1
T_world_lidar: 
    0.998038   0.00418643   -0.0624723  -0.00542062
 -0.00411988     0.999991   0.00119414    0.0116103
   0.0624767 -0.000934422     0.998046  -0.00552187
           0            0            0            1
v_world_imu:  -0.00333738   0.00128974 -0.000250619
frame_7
id: 7
stamp: 1773061771.468249559
T_odom_lidar: 
    0.998056   0.00401504   -0.0621999  -0.00543064
 -0.00396072     0.999992  0.000996429    0.0114206
   0.0622033 -0.000748135     0.998063  -0.00549209
           0            0            0            1
T_world_lidar: 
    0.998056   0.00401504   -0.0621999  -0.00543064
 -0.00396072     0.999992  0.000996429    0.0114206
   0.0622033 -0.000748135     0.998063  -0.00549209
           0            0            0            1
v_world_imu: -0.00427979 -0.00431352  0.00841493
frame_8
id: 8
stamp: 1773061771.568284988
T_odom_lidar: 
    0.998042   0.00407102   -0.0624141  -0.00564445
 -0.00402302     0.999992  0.000894689    0.0114509
   0.0624172 -0.000641845      0.99805  -0.00549682
           0            0            0            1
T_world_lidar: 
    0.998042   0.00407102   -0.0624141  -0.00564445
 -0.00402302     0.999992  0.000894689    0.0114509
   0.0624172 -0.000641845      0.99805  -0.00549682
           0            0            0            1
v_world_imu: -0.00503252 -0.00045854 -0.00679063
frame_9
id: 9
stamp: 1773061771.668292999
T_odom_lidar: 
   0.998063  0.00428212  -0.0620569 -0.00575793
-0.00420203     0.99999  0.00142098   0.0113018
  0.0620624 -0.00115746    0.998072 -0.00554691
          0           0           0           1
T_world_lidar: 
   0.998063  0.00428212  -0.0620569 -0.00575793
-0.00420203     0.99999  0.00142098   0.0113018
  0.0620624 -0.00115746    0.998072 -0.00554691
          0           0           0           1
v_world_imu:  -0.00254714  -0.00309343 -0.000154855
frame_10
id: 10
stamp: 1773061771.768380642
T_odom_lidar: 
   0.998067  0.00383264  -0.0620235 -0.00542939
-0.00376054    0.999992  0.00127916   0.0115272
  0.0620279 -0.00104345    0.998074 -0.00615546
          0           0           0           1
T_world_lidar: 
   0.998067  0.00383264  -0.0620235 -0.00542939
-0.00376054    0.999992  0.00127916   0.0115272
  0.0620279 -0.00104345    0.998074 -0.00615546
          0           0           0           1
v_world_imu: -0.00267805  0.00759373  0.00105952
frame_11
id: 11
stamp: 1773061771.868275881
T_odom_lidar: 
   0.998057  0.00386547  -0.0621876 -0.00537192
 -0.0037732    0.999992  0.00160112   0.0119997
  0.0621933 -0.00136336    0.998063 -0.00552287
          0           0           0           1
T_world_lidar: 
   0.998057  0.00386547  -0.0621876 -0.00537192
 -0.0037732    0.999992  0.00160112   0.0119997
  0.0621933 -0.00136336    0.998063 -0.00552287
          0           0           0           1
v_world_imu:  -0.00120609 -0.000799792   0.00679643
frame_12
id: 12
stamp: 1773061771.968350649
T_odom_lidar: 
   0.998081  0.00368953  -0.0618194 -0.00571369
-0.00361918    0.999993  0.00124997   0.0117657
  0.0618236 -0.00102383    0.998087 -0.00542403
          0           0           0           1
T_world_lidar: 
   0.998081  0.00368953  -0.0618194 -0.00571369
-0.00361918    0.999993  0.00124997   0.0117657
  0.0618236 -0.00102383    0.998087 -0.00542403
          0           0           0           1
v_world_imu: -0.00332308 -0.00201859  0.00253513
frame_13
id: 13
stamp: 1773061772.068300486
T_odom_lidar: 
   0.998083  0.00384697  -0.0617637 -0.00550266
-0.00377761    0.999992  0.00123966   0.0117685
  0.0617679 -0.00100397     0.99809 -0.00552294
          0           0           0           1
T_world_lidar: 
   0.998083  0.00384697  -0.0617637 -0.00550266
-0.00377761    0.999992  0.00123966   0.0117685
  0.0617679 -0.00100397     0.99809 -0.00552294
          0           0           0           1
v_world_imu: 0.000132077  0.00416486  0.00142995
frame_14
id: 14
stamp: 1773061772.168278933
T_odom_lidar: 
   0.998053  0.00384755  -0.0622586 -0.00562623
-0.00377214    0.999992  0.00132872   0.0116643
  0.0622632 -0.00109128    0.998059 -0.00547644
          0           0           0           1
T_world_lidar: 
   0.998053  0.00384755  -0.0622586 -0.00562623
-0.00377214    0.999992  0.00132872   0.0116643
  0.0622632 -0.00109128    0.998059 -0.00547644
          0           0           0           1
v_world_imu: -0.00672418 -0.00013689  0.00799658
frame_15
id: 15
stamp: 1773061772.268308640
T_odom_lidar: 
   0.998082   0.0039545  -0.0617726 -0.00595303
-0.00388264    0.999992  0.00128322   0.0118366
  0.0617771 -0.00104092    0.998089 -0.00552171
          0           0           0           1
T_world_lidar: 
   0.998082   0.0039545  -0.0617726 -0.00595303
-0.00388264    0.999992  0.00128322   0.0118366
  0.0617771 -0.00104092    0.998089 -0.00552171
          0           0           0           1
v_world_imu: 0.000647228 0.000987189 -0.00599897
frame_16
id: 16
stamp: 1773061772.368457556
T_odom_lidar: 
   0.998068  0.00422097  -0.0619899 -0.00558766
-0.00414765    0.999991  0.00131139   0.0121916
  0.0619948 -0.00105175    0.998076 -0.00613347
          0           0           0           1
T_world_lidar: 
   0.998068  0.00422097  -0.0619899 -0.00558766
-0.00414765    0.999991  0.00131139   0.0121916
  0.0619948 -0.00105175    0.998076 -0.00613347
          0           0           0           1
v_world_imu: -0.00169114  0.00372022 -0.00831166
frame_17
id: 17
stamp: 1773061772.468425035
T_odom_lidar: 
    0.998082    0.0041324   -0.0617693  -0.00537518
 -0.00407165     0.999991   0.00110933    0.0122244
   0.0617734 -0.000855704      0.99809  -0.00663578
           0            0            0            1
T_world_lidar: 
    0.998082    0.0041324   -0.0617693  -0.00537518
 -0.00407165     0.999991   0.00110933    0.0122244
   0.0617734 -0.000855704      0.99809  -0.00663578
           0            0            0            1
v_world_imu: -0.00117734  0.00279876 -0.00746593
frame_18
id: 18
stamp: 1773061772.568458557
T_odom_lidar: 
    0.998051    0.0039467   -0.0622767  -0.00531234
 -0.00388325     0.999992   0.00113983    0.0122745
   0.0622807 -0.000895772     0.998058  -0.00636609
           0            0            0            1
T_world_lidar: 
    0.998051    0.0039467   -0.0622767  -0.00531234
 -0.00388325     0.999992   0.00113983    0.0122745
   0.0622807 -0.000895772     0.998058  -0.00636609
           0            0            0            1
v_world_imu: -0.00456678 -0.00702841  0.00527594
frame_19
id: 19
stamp: 1773061772.668496609
T_odom_lidar: 
    0.998075   0.00397297   -0.0618872  -0.00595194
 -0.00393905     0.999992  0.000669964    0.0120153
   0.0618894 -0.000424897     0.998083  -0.00608491
           0            0            0            1
T_world_lidar: 
    0.998075   0.00397297   -0.0618872  -0.00595194
 -0.00393905     0.999992  0.000669964    0.0120153
   0.0618894 -0.000424897     0.998083  -0.00608491
           0            0            0            1
v_world_imu:  -0.00882637 -0.000100514  6.89428e-05
frame_20
id: 20
stamp: 1773061772.768342972
T_odom_lidar: 
    0.998058   0.00373631   -0.0621843  -0.00575711
 -0.00367431     0.999993   0.00111137    0.0122404
    0.062188 -0.000880723     0.998064  -0.00583986
           0            0            0            1
T_world_lidar: 
    0.998058   0.00373631   -0.0621843  -0.00575711
 -0.00367431     0.999993   0.00111137    0.0122404
    0.062188 -0.000880723     0.998064  -0.00583986
           0            0            0            1
v_world_imu:  0.00205569 -0.00094984  0.00336766
frame_21
id: 21
stamp: 1773061772.868295431
T_odom_lidar: 
   0.998052  0.00369319   -0.062271 -0.00557595
-0.00361827    0.999993  0.00131594   0.0119283
  0.0622754 -0.00108806    0.998058 -0.00599428
          0           0           0           1
T_world_lidar: 
   0.998052  0.00369319   -0.062271 -0.00557595
-0.00361827    0.999993  0.00131594   0.0119283
  0.0622754 -0.00108806    0.998058 -0.00599428
          0           0           0           1
v_world_imu: -0.0036242 0.00212264 0.00112606
frame_22
id: 22
stamp: 1773061772.968274355
T_odom_lidar: 
    0.998054   0.00398625   -0.0622295  -0.00563078
 -0.00393782     0.999992  0.000900915    0.0123413
   0.0622326 -0.000654113     0.998061  -0.00595778
           0            0            0            1
T_world_lidar: 
    0.998054   0.00398625   -0.0622295  -0.00563078
 -0.00393782     0.999992  0.000900915    0.0123413
   0.0622326 -0.000654113     0.998061  -0.00595778
           0            0            0            1
v_world_imu: 0.000918327  0.00264206  0.00588786
frame_23
id: 23
stamp: 1773061773.068304777
T_odom_lidar: 
   0.998084  0.00392124   -0.061748 -0.00542856
-0.00383267    0.999991  0.00155287   0.0121634
  0.0617536 -0.00131324    0.998091 -0.00562459
          0           0           0           1
T_world_lidar: 
   0.998084  0.00392124   -0.061748 -0.00542856
-0.00383267    0.999991  0.00155287   0.0121634
  0.0617536 -0.00131324    0.998091 -0.00562459
          0           0           0           1
v_world_imu: -0.00212173 -0.00242972  0.00415239
frame_24
id: 24
stamp: 1773061773.168197632
T_odom_lidar: 
     0.99808   0.00440327   -0.0617773  -0.00594345
 -0.00434702      0.99999   0.00104497     0.011985
   0.0617813 -0.000774413     0.998089  -0.00547175
           0            0            0            1
T_world_lidar: 
     0.99808   0.00440327   -0.0617773  -0.00594345
 -0.00434702      0.99999   0.00104497     0.011985
   0.0617813 -0.000774413     0.998089  -0.00547175
           0            0            0            1
v_world_imu: -0.00375337  0.00202259  -0.0071516
frame_25
id: 25
stamp: 1773061773.268233776
T_odom_lidar: 
    0.998034    0.0041496   -0.0625425  -0.00583942
 -0.00409361     0.999991   0.00102331    0.0117519
   0.0625462 -0.000765275     0.998042  -0.00571914
           0            0            0            1
T_world_lidar: 
    0.998034    0.0041496   -0.0625425  -0.00583942
 -0.00409361     0.999991   0.00102331    0.0117519
   0.0625462 -0.000765275     0.998042  -0.00571914
           0            0            0            1
v_world_imu:  -0.00273359  -0.00535285 -9.07031e-05
frame_26
id: 26
stamp: 1773061773.368127823
T_odom_lidar: 
    0.998072   0.00368261   -0.0619592  -0.00589068
 -0.00362262     0.999993   0.00108056    0.0114346
   0.0619627 -0.000854023     0.998078  -0.00601359
           0            0            0            1
T_world_lidar: 
    0.998072   0.00368261   -0.0619592  -0.00589068
 -0.00362262     0.999993   0.00108056    0.0114346
   0.0619627 -0.000854023     0.998078  -0.00601359
           0            0            0            1
v_world_imu: -0.00176337 -0.00310637 -0.00709814
frame_27
id: 27
stamp: 1773061773.468105555
T_odom_lidar: 
    0.998076   0.00395977   -0.0618746  -0.00623142
  -0.0038911     0.999992   0.00123023     0.011593
   0.0618789 -0.000987107     0.998083  -0.00560015
           0            0            0            1
T_world_lidar: 
    0.998076   0.00395977   -0.0618746  -0.00623142
  -0.0038911     0.999992   0.00123023     0.011593
   0.0618789 -0.000987107     0.998083  -0.00560015
           0            0            0            1
v_world_imu: -0.00726445 -0.00050035  0.00600915
frame_28
id: 28
stamp: 1773061773.568178654
T_odom_lidar: 
   0.998085  0.00353583  -0.0617621 -0.00615266
-0.00344954    0.999993  0.00150361   0.0114485
   0.061767 -0.00128768     0.99809 -0.00571839
          0           0           0           1
T_world_lidar: 
   0.998085  0.00353583  -0.0617621 -0.00615266
-0.00344954    0.999993  0.00150361   0.0114485
   0.061767 -0.00128768     0.99809 -0.00571839
          0           0           0           1
v_world_imu:  0.00301416   0.0006661 -0.00468378
frame_29
id: 29
stamp: 1773061773.668206453
T_odom_lidar: 
    0.998102   0.00385174   -0.0614682  -0.00577229
 -0.00379257     0.999992   0.00107937    0.0117675
   0.0614719 -0.000844195     0.998108  -0.00598411
           0            0            0            1
T_world_lidar: 
    0.998102   0.00385174   -0.0614682  -0.00577229
 -0.00379257     0.999992   0.00107937    0.0117675
   0.0614719 -0.000844195     0.998108  -0.00598411
           0            0            0            1
v_world_imu: 0.00250575 0.00251618 0.00137504
frame_30
id: 30
stamp: 1773061773.768235445
T_odom_lidar: 
    0.998079   0.00368305    -0.061843  -0.00563448
 -0.00361473     0.999993   0.00121653    0.0120634
    0.061847 -0.000990651     0.998085  -0.00595332
           0            0            0            1
T_world_lidar: 
    0.998079   0.00368305    -0.061843  -0.00563448
 -0.00361473     0.999993   0.00121653    0.0120634
    0.061847 -0.000990651     0.998085  -0.00595332
           0            0            0            1
v_world_imu: -0.00386617  0.00591832  0.00175379
frame_31
id: 31
stamp: 1773061773.868310213
T_odom_lidar: 
    0.998057   0.00386154   -0.0621903  -0.00593542
 -0.00380034     0.999992   0.00110232    0.0123514
    0.062194 -0.000863833     0.998064  -0.00542596
           0            0            0            1
T_world_lidar: 
    0.998057   0.00386154   -0.0621903  -0.00593542
 -0.00380034     0.999992   0.00110232    0.0123514
    0.062194 -0.000863833     0.998064  -0.00542596
           0            0            0            1
v_world_imu: -0.000324691   0.00109346   0.00752992
frame_32
id: 32
stamp: 1773061773.968360424
T_odom_lidar: 
   0.998116   0.0040976  -0.0612193 -0.00557657
-0.00401252    0.999991  0.00151278   0.0120989
  0.0612249 -0.00126429    0.998123 -0.00552865
          0           0           0           1
T_world_lidar: 
   0.998116   0.0040976  -0.0612193 -0.00557657
-0.00401252    0.999991  0.00151278   0.0120989
  0.0612249 -0.00126429    0.998123 -0.00552865
          0           0           0           1
v_world_imu: -0.000855515  -0.00263663 -0.000744253
frame_33
id: 33
stamp: 1773061774.068395615
T_odom_lidar: 
    0.998069   0.00409957   -0.0619816  -0.00543331
 -0.00406152     0.999991  0.000739797    0.0121327
   0.0619841 -0.000486628     0.998077  -0.00592794
           0            0            0            1
T_world_lidar: 
    0.998069   0.00409957   -0.0619816  -0.00543331
 -0.00406152     0.999991  0.000739797    0.0121327
   0.0619841 -0.000486628     0.998077  -0.00592794
           0            0            0            1
v_world_imu:  0.00142583 -0.00183612  -0.0105169
frame_34
id: 34
stamp: 1773061774.168453217
T_odom_lidar: 
   0.998049  0.00388602  -0.0623161  -0.0057203
-0.00381314    0.999992  0.00128841    0.012071
  0.0623206 -0.00104828    0.998056 -0.00591274
          0           0           0           1
T_world_lidar: 
   0.998049  0.00388602  -0.0623161  -0.0057203
-0.00381314    0.999992  0.00128841    0.012071
  0.0623206 -0.00104828    0.998056 -0.00591274
          0           0           0           1
v_world_imu: -0.00924018  -0.0028923  0.00227165
frame_35
id: 35
stamp: 1773061774.268295288
T_odom_lidar: 
    0.998063   0.00407059   -0.0620777  -0.00583015
 -0.00401295     0.999991   0.00105321    0.0120699
   0.0620815 -0.000802058     0.998071  -0.00663724
           0            0            0            1
T_world_lidar: 
    0.998063   0.00407059   -0.0620777  -0.00583015
 -0.00401295     0.999991   0.00105321    0.0120699
   0.0620815 -0.000802058     0.998071  -0.00663724
           0            0            0            1
v_world_imu: -0.00113403  0.00345463  -0.0118215
frame_36
id: 36
stamp: 1773061774.368327141
T_odom_lidar: 
    0.998064   0.00372894   -0.0620861  -0.00594386
  -0.0036609     0.999993   0.00120957    0.0121191
   0.0620902 -0.000979936      0.99807  -0.00611323
           0            0            0            1
T_world_lidar: 
    0.998064   0.00372894   -0.0620861  -0.00594386
  -0.0036609     0.999993   0.00120957    0.0121191
   0.0620902 -0.000979936      0.99807  -0.00611323
           0            0            0            1
v_world_imu:  -0.0028896 -0.00226674  0.00714812
frame_37
id: 37
stamp: 1773061774.468434334
T_odom_lidar: 
    0.998032   0.00398046   -0.0625768  -0.00592461
 -0.00391113     0.999992   0.00123036    0.0118233
   0.0625812 -0.000983192     0.998039   -0.0065204
           0            0            0            1
T_world_lidar: 
    0.998032   0.00398046   -0.0625768  -0.00592461
 -0.00391113     0.999992   0.00123036    0.0118233
   0.0625812 -0.000983192     0.998039   -0.0065204
           0            0            0            1
v_world_imu: 0.00332479 -0.0023865 -0.0056327
frame_38
id: 38
stamp: 1773061774.568302393
T_odom_lidar: 
   0.998093  0.00393717  -0.0615981 -0.00569249
-0.00386267    0.999992   0.0013285   0.0118562
  0.0616028 -0.00108803      0.9981 -0.00634566
          0           0           0           1
T_world_lidar: 
   0.998093  0.00393717  -0.0615981 -0.00569249
-0.00386267    0.999992   0.0013285   0.0118562
  0.0616028 -0.00108803      0.9981 -0.00634566
          0           0           0           1
v_world_imu: 0.000135745  0.00558248  0.00919533
frame_39
id: 39
stamp: 1773061774.668420792
T_odom_lidar: 
   0.998079  0.00409554  -0.0618161 -0.00559409
 -0.0040067    0.999991  0.00156105     0.01199
  0.0618219 -0.00131037    0.998086 -0.00609736
          0           0           0           1
T_world_lidar: 
   0.998079  0.00409554  -0.0618161 -0.00559409
 -0.0040067    0.999991  0.00156105     0.01199
  0.0618219 -0.00131037    0.998086 -0.00609736
          0           0           0           1
v_world_imu: -0.00239227  0.00440985  0.00162507
frame_40
id: 40
stamp: 1773061774.768419027
T_odom_lidar: 
    0.998068   0.00419522    -0.061991  -0.00610094
 -0.00414076     0.999991   0.00100699    0.0121257
   0.0619946 -0.000748356     0.998076  -0.00579545
           0            0            0            1
T_world_lidar: 
    0.998068   0.00419522    -0.061991  -0.00610094
 -0.00414076     0.999991   0.00100699    0.0121257
   0.0619946 -0.000748356     0.998076  -0.00579545
           0            0            0            1
v_world_imu: -0.000800488  -0.00117808  -0.00187474
frame_41
id: 41
stamp: 1773061774.868453503
T_odom_lidar: 
    0.998039   0.00411451   -0.0624629  -0.00577363
 -0.00406514     0.999991  0.000917423    0.0120171
   0.0624661 -0.000661703     0.998047  -0.00614282
           0            0            0            1
T_world_lidar: 
    0.998039   0.00411451   -0.0624629  -0.00577363
 -0.00406514     0.999991  0.000917423    0.0120171
   0.0624661 -0.000661703     0.998047  -0.00614282
           0            0            0            1
v_world_imu: 0.000531309  0.00186736 -0.00580605
frame_42
id: 42
stamp: 1773061774.968612194
T_odom_lidar: 
    0.998034   0.00421084   -0.0625269  -0.00540164
 -0.00415232     0.999991   0.00106583    0.0122435
   0.0625308 -0.000804108     0.998043  -0.00685479
           0            0            0            1
T_world_lidar: 
    0.998034   0.00421084   -0.0625269  -0.00540164
 -0.00415232     0.999991   0.00106583    0.0122435
   0.0625308 -0.000804108     0.998043  -0.00685479
           0            0            0            1
v_world_imu: 0.00403228  0.0021077 -0.0147203
frame_43
id: 43
stamp: 1773061775.068733215
T_odom_lidar: 
   0.998057  0.00405968  -0.0621782 -0.00538543
-0.00398863    0.999991  0.00126675   0.0122906
  0.0621828 -0.00101629    0.998064 -0.00657192
          0           0           0           1
T_world_lidar: 
   0.998057  0.00405968  -0.0621782 -0.00538543
-0.00398863    0.999991  0.00126675   0.0122906
  0.0621828 -0.00101629    0.998064 -0.00657192
          0           0           0           1
v_world_imu: -0.00385757 -0.00467191  0.00416486
frame_44
id: 44
stamp: 1773061775.168523312
T_odom_lidar: 
    0.998068     0.003725   -0.0620231  -0.00552933
  -0.0036628     0.999993   0.00111663     0.011829
   0.0620268 -0.000887298     0.998074  -0.00680191
           0            0            0            1
T_world_lidar: 
    0.998068     0.003725   -0.0620231  -0.00552933
  -0.0036628     0.999993   0.00111663     0.011829
   0.0620268 -0.000887298     0.998074  -0.00680191
           0            0            0            1
v_world_imu: -0.00217195 -0.00416949 -0.00987687
frame_45
id: 45
stamp: 1773061775.268547058
T_odom_lidar: 
    0.998041   0.00373778   -0.0624448  -0.00582864
 -0.00369594     0.999993  0.000785483    0.0118593
   0.0624473 -0.000553152     0.998048  -0.00691686
           0            0            0            1
T_world_lidar: 
    0.998041   0.00373778   -0.0624448  -0.00582864
 -0.00369594     0.999993  0.000785483    0.0118593
   0.0624473 -0.000553152     0.998048  -0.00691686
           0            0            0            1
v_world_imu: -0.00508315  0.00518528  0.00552913
frame_46
id: 46
stamp: 1773061775.368503332
T_odom_lidar: 
    0.998052    0.0038969   -0.0622646  -0.00588243
 -0.00383784     0.999992   0.00106795    0.0119445
   0.0622683 -0.000826903     0.998059  -0.00686512
           0            0            0            1
T_world_lidar: 
    0.998052    0.0038969   -0.0622646  -0.00588243
 -0.00383784     0.999992   0.00106795    0.0119445
   0.0622683 -0.000826903     0.998059  -0.00686512
           0            0            0            1
v_world_imu: 0.000305824   0.0028471 -0.00191228
frame_47
id: 47
stamp: 1773061775.468441963
T_odom_lidar: 
    0.998033   0.00390575   -0.0625756  -0.00599346
 -0.00385416     0.999992  0.000945041    0.0121562
   0.0625788 -0.000702006      0.99804   -0.0062175
           0            0            0            1
T_world_lidar: 
    0.998033   0.00390575   -0.0625756  -0.00599346
 -0.00385416     0.999992  0.000945041    0.0121562
   0.0625788 -0.000702006      0.99804   -0.0062175
           0            0            0            1
v_world_imu: 0.00138489 0.00178139 0.00880051
frame_48
id: 48
stamp: 1773061775.568331718
T_odom_lidar: 
    0.998037   0.00409169   -0.0625004  -0.00565886
 -0.00402644     0.999991   0.00116996    0.0118339
   0.0625046 -0.000916005     0.998044  -0.00606415
           0            0            0            1
T_world_lidar: 
    0.998037   0.00409169   -0.0625004  -0.00565886
 -0.00402644     0.999991   0.00116996    0.0118339
   0.0625046 -0.000916005     0.998044  -0.00606415
           0            0            0            1
v_world_imu:  0.00148066 -0.00511475 0.000263423
frame_49
id: 49
stamp: 1773061775.668326139
T_odom_lidar: 
    0.998068   0.00415899    -0.061985  -0.00590789
 -0.00409704     0.999991   0.00112665    0.0112065
   0.0619891 -0.000870517     0.998076  -0.00544674
           0            0            0            1
T_world_lidar: 
    0.998068   0.00415899    -0.061985  -0.00590789
 -0.00409704     0.999991   0.00112665    0.0112065
   0.0619891 -0.000870517     0.998076  -0.00544674
           0            0            0            1
v_world_imu: -0.00184528 -0.00175841 -0.00427372
frame_50
id: 50
stamp: 1773061775.768180847
T_odom_lidar: 
    0.998083   0.00411439   -0.0617587  -0.00576663
 -0.00404823     0.999991   0.00119627    0.0110948
   0.0617631 -0.000943964      0.99809  -0.00562692
           0            0            0            1
T_world_lidar: 
    0.998083   0.00411439   -0.0617587  -0.00576663
 -0.00404823     0.999991   0.00119627    0.0110948
   0.0617631 -0.000943964      0.99809  -0.00562692
           0            0            0            1
v_world_imu: -0.00345451 -0.00358646 -0.00309055
frame_51
id: 51
stamp: 1773061775.868252516
T_odom_lidar: 
    0.998072   0.00403178   -0.0619338  -0.00632903
 -0.00398102     0.999992  0.000942845    0.0109987
   0.0619371 -0.000694467      0.99808  -0.00584833
           0            0            0            1
T_world_lidar: 
    0.998072   0.00403178   -0.0619338  -0.00632903
 -0.00398102     0.999992  0.000942845    0.0109987
   0.0619371 -0.000694467      0.99808  -0.00584833
           0            0            0            1
v_world_imu: -0.00740536 -0.00232747 -0.00646953
frame_52
id: 52
stamp: 1773061775.968107462
T_odom_lidar: 
   0.998096  0.00400015  -0.0615478 -0.00641731
-0.00393252    0.999992  0.00121992    0.011336
  0.0615521 -0.00097556    0.998103 -0.00611288
          0           0           0           1
T_world_lidar: 
   0.998096  0.00400015  -0.0615478 -0.00641731
-0.00393252    0.999992  0.00121992    0.011336
  0.0615521 -0.00097556    0.998103 -0.00611288
          0           0           0           1
v_world_imu: 0.000700369  0.00787869  0.00023099
frame_53
id: 53
stamp: 1773061776.068035841
T_odom_lidar: 
    0.998063   0.00403816   -0.0620783  -0.00619978
 -0.00397567     0.999991   0.00113006     0.012108
   0.0620824 -0.000881073     0.998071  -0.00657071
           0            0            0            1
T_world_lidar: 
    0.998063   0.00403816   -0.0620783  -0.00619978
 -0.00397567     0.999991   0.00113006     0.012108
   0.0620824 -0.000881073     0.998071  -0.00657071
           0            0            0            1
v_world_imu: 0.00307583  0.0049017 -0.0104754
frame_54
id: 54
stamp: 1773061776.168028355
T_odom_lidar: 
    0.998056   0.00387589   -0.0622006   -0.0061275
 -0.00381962     0.999992   0.00102353    0.0120471
   0.0622041 -0.000783962     0.998063  -0.00672601
           0            0            0            1
T_world_lidar: 
    0.998056   0.00387589   -0.0622006   -0.0061275
 -0.00381962     0.999992   0.00102353    0.0120471
   0.0622041 -0.000783962     0.998063  -0.00672601
           0            0            0            1
v_world_imu: 0.000945969 0.000132965  0.00735864
frame_55
id: 55
stamp: 1773061776.267972708
T_odom_lidar: 
    0.998044   0.00379215   -0.0623948   -0.0057632
 -0.00373504     0.999992   0.00103197    0.0122119
   0.0623983 -0.000796909     0.998051  -0.00657555
           0            0            0            1
T_world_lidar: 
    0.998044   0.00379215   -0.0623948   -0.0057632
 -0.00373504     0.999992   0.00103197    0.0122119
   0.0623983 -0.000796909     0.998051  -0.00657555
           0            0            0            1
v_world_imu: 0.00525308 0.00537363 0.00172006
frame_56
id: 56
stamp: 1773061776.368024111
T_odom_lidar: 
    0.998053   0.00382154    -0.062262  -0.00595314
 -0.00375683     0.999992   0.00115627    0.0123644
    0.062266 -0.000920107     0.998059  -0.00575243
           0            0            0            1
T_world_lidar: 
    0.998053   0.00382154    -0.062262  -0.00595314
 -0.00375683     0.999992   0.00115627    0.0123644
    0.062266 -0.000920107     0.998059  -0.00575243
           0            0            0            1
v_world_imu: -0.00190788 -0.00160308  0.00162941
frame_57
id: 57
stamp: 1773061776.468087435
T_odom_lidar: 
    0.99806  0.00419461  -0.0621102 -0.00587327
-0.00411665    0.999991  0.00138312   0.0119599
  0.0621154 -0.00112475    0.998068 -0.00584493
          0           0           0           1
T_world_lidar: 
    0.99806  0.00419461  -0.0621102 -0.00587327
-0.00411665    0.999991  0.00138312   0.0119599
  0.0621154 -0.00112475    0.998068 -0.00584493
          0           0           0           1
v_world_imu:  0.000235106  -0.00110286 -0.000223853
frame_58
id: 58
stamp: 1773061776.568058014
T_odom_lidar: 
    0.998067   0.00424358   -0.0619959  -0.00613915
 -0.00419433     0.999991  0.000924552    0.0119171
   0.0619993 -0.000662734     0.998076  -0.00593788
           0            0            0            1
T_world_lidar: 
    0.998067   0.00424358   -0.0619959  -0.00613915
 -0.00419433     0.999991  0.000924552    0.0119171
   0.0619993 -0.000662734     0.998076  -0.00593788
           0            0            0            1
v_world_imu:  9.9473e-05 -0.00525052 -0.00808584
frame_59
id: 59
stamp: 1773061776.668040514
T_odom_lidar: 
    0.998073   0.00385494   -0.0619292  -0.00608103
 -0.00379337     0.999992   0.00111177     0.011886
    0.061933 -0.000874709      0.99808  -0.00598439
           0            0            0            1
T_world_lidar: 
    0.998073   0.00385494   -0.0619292  -0.00608103
 -0.00379337     0.999992   0.00111177     0.011886
    0.061933 -0.000874709      0.99808  -0.00598439
           0            0            0            1
v_world_imu: -0.00265303 0.000990305  0.00079108
frame_60
id: 60
stamp: 1773061776.767881393
T_odom_lidar: 
    0.998069   0.00396142   -0.0619885  -0.00603204
 -0.00391175     0.999992  0.000922503    0.0117966
   0.0619916 -0.000678238     0.998076  -0.00616973
           0            0            0            1
T_world_lidar: 
    0.998069   0.00396142   -0.0619885  -0.00603204
 -0.00391175     0.999992  0.000922503    0.0117966
   0.0619916 -0.000678238     0.998076  -0.00616973
           0            0            0            1
v_world_imu:  0.00288647 -0.00393896 -0.00810735
frame_61
id: 61
stamp: 1773061776.867834568
T_odom_lidar: 
    0.998062   0.00379173   -0.0621148  -0.00610083
 -0.00372569     0.999992   0.00117888    0.0116211
   0.0621188 -0.000945173     0.998068  -0.00640215
           0            0            0            1
T_world_lidar: 
    0.998062   0.00379173   -0.0621148  -0.00610083
 -0.00372569     0.999992   0.00117888    0.0116211
   0.0621188 -0.000945173     0.998068  -0.00640215
           0            0            0            1
v_world_imu: -0.00426434 -0.00206762  0.00405995
frame_62
id: 62
stamp: 1773061776.967855453
T_odom_lidar: 
   0.998057  0.00362417  -0.0622049 -0.00636567
-0.00354313    0.999993  0.00141307   0.0115513
  0.0622096 -0.00118992    0.998062 -0.00586099
          0           0           0           1
T_world_lidar: 
   0.998057  0.00362417  -0.0622049 -0.00636567
-0.00354313    0.999993  0.00141307   0.0115513
  0.0622096 -0.00118992    0.998062 -0.00586099
          0           0           0           1
v_world_imu:   0.00082471 -0.000411218   0.00358887
frame_63
id: 63
stamp: 1773061777.067833900
T_odom_lidar: 
   0.998095  0.00399591  -0.0615668  -0.0067152
-0.00390888    0.999991  0.00153394   0.0116266
  0.0615724 -0.00129036    0.998102 -0.00550939
          0           0           0           1
T_world_lidar: 
   0.998095  0.00399591  -0.0615668  -0.0067152
-0.00390888    0.999991  0.00153394   0.0116266
  0.0615724 -0.00129036    0.998102 -0.00550939
          0           0           0           1
v_world_imu: -0.00228678  0.00291584  0.00514438
frame_64
id: 64
stamp: 1773061777.167832851
T_odom_lidar: 
   0.998026  0.00417085  -0.0626639 -0.00650189
-0.00410652    0.999991  0.00115526   0.0116345
  0.0626681 -0.00089565    0.998034 -0.00572261
          0           0           0           1
T_world_lidar: 
   0.998026  0.00417085  -0.0626639 -0.00650189
-0.00410652    0.999991  0.00115526   0.0116345
  0.0626681 -0.00089565    0.998034 -0.00572261
          0           0           0           1
v_world_imu:  0.00382376  0.00276953 -0.00459643
frame_65
id: 65
stamp: 1773061777.267853260
T_odom_lidar: 
    0.998076   0.00412271    -0.061858  -0.00653326
 -0.00407002     0.999991  0.000977766    0.0118467
   0.0618615 -0.000724122     0.998084  -0.00577388
           0            0            0            1
T_world_lidar: 
    0.998076   0.00412271    -0.061858  -0.00653326
 -0.00407002     0.999991  0.000977766    0.0118467
   0.0618615 -0.000724122     0.998084  -0.00577388
           0            0            0            1
v_world_imu:  0.000614949 -0.000349026   0.00599238
frame_66
id: 66
stamp: 1773061777.367999554
T_odom_lidar: 
   0.998103  0.00403957  -0.0614362 -0.00651206
 -0.0039501    0.999991   0.0015776   0.0118674
   0.061442 -0.00133193     0.99811 -0.00581914
          0           0           0           1
T_world_lidar: 
   0.998103  0.00403957  -0.0614362 -0.00651206
 -0.0039501    0.999991   0.0015776   0.0118674
   0.061442 -0.00133193     0.99811 -0.00581914
          0           0           0           1
v_world_imu: -0.000834643   0.00300977  -0.00719833
frame_67
id: 67
stamp: 1773061777.467890501
T_odom_lidar: 
    0.998083    0.0037995   -0.0617799  -0.00630094
 -0.00374298     0.999992   0.00103058    0.0121778
   0.0617834 -0.000797362     0.998089  -0.00614771
           0            0            0            1
T_world_lidar: 
    0.998083    0.0037995   -0.0617799  -0.00630094
 -0.00374298     0.999992   0.00103058    0.0121778
   0.0617834 -0.000797362     0.998089  -0.00614771
           0            0            0            1
v_world_imu:   0.0100301  0.00650081 -0.00697208
frame_68
id: 68
stamp: 1773061777.568081617
T_odom_lidar: 
   0.998079  0.00286502  -0.0618802 -0.00513321
-0.00293491    0.999995  -0.0010386   0.0137453
   0.061877  0.00121822    0.998083 -0.00679428
          0           0           0           1
T_world_lidar: 
   0.998079  0.00286502  -0.0618802 -0.00513321
-0.00293491    0.999995  -0.0010386   0.0137453
   0.061877  0.00121822    0.998083 -0.00679428
          0           0           0           1
v_world_imu:   0.0111313   0.0206446 -0.00739972
frame_69
id: 69
stamp: 1773061777.668165445
T_odom_lidar: 
    0.998015    0.0121719   -0.0617888  -0.00391388
  -0.0120899     0.999925   0.00170194    0.0131516
   0.0618049 -0.000951543     0.998088    -0.010001
           0            0            0            1
T_world_lidar: 
    0.998015    0.0121719   -0.0617888  -0.00391388
  -0.0120899     0.999925   0.00170194    0.0131516
   0.0618049 -0.000951543     0.998088    -0.010001
           0            0            0            1
v_world_imu: -0.00526121  -0.0506153  -0.0594039
frame_70
id: 70
stamp: 1773061777.768680334
T_odom_lidar: 
    0.99762   0.0476828  -0.0498022 -0.00705911
 -0.0474703    0.998858  0.00544111   0.0056814
  0.0500048 -0.00306404    0.998744  -0.0122927
          0           0           0           1
T_world_lidar: 
    0.99762   0.0476828  -0.0498022 -0.00705911
 -0.0474703    0.998858  0.00544111   0.0056814
  0.0500048 -0.00306404    0.998744  -0.0122927
          0           0           0           1
v_world_imu: -0.0730174  -0.116005  0.0149979
frame_71
id: 71
stamp: 1773061777.869238853
T_odom_lidar: 
   0.994897   0.0899299  -0.0457395  -0.0179734
 -0.0895051    0.995923   0.0112556  -0.0107122
  0.0465652 -0.00710421     0.99889 -0.00590275
          0           0           0           1
T_world_lidar: 
   0.994897   0.0899299  -0.0457395  -0.0179734
 -0.0895051    0.995923   0.0112556  -0.0107122
  0.0465652 -0.00710421     0.99889 -0.00590275
          0           0           0           1
v_world_imu:  -0.10979 -0.218323  0.156052
frame_72
id: 72
stamp: 1773061777.969692230
T_odom_lidar: 
   0.984667    0.167282  -0.0494725   -0.027459
  -0.167658    0.985839 -0.00351511  -0.0267298
  0.0481839   0.0117557    0.998769 -0.00689309
          0           0           0           1
T_world_lidar: 
   0.984667    0.167282  -0.0494725   -0.027459
  -0.167658    0.985839 -0.00351511  -0.0267298
  0.0481839   0.0117557    0.998769 -0.00689309
          0           0           0           1
v_world_imu: -0.0962255  -0.143339 -0.0910852
frame_73
id: 73
stamp: 1773061778.070580959
T_odom_lidar: 
   0.961021    0.270232  -0.0584306  -0.0348955
  -0.271236    0.962462 -0.00985189  -0.0432518
   0.053575   0.0253164    0.998243  -0.0112428
          0           0           0           1
T_world_lidar: 
   0.961021    0.270232  -0.0584306  -0.0348955
  -0.271236    0.962462 -0.00985189  -0.0432518
   0.053575   0.0253164    0.998243  -0.0112428
          0           0           0           1
v_world_imu: -0.0695134  -0.150832  -0.021367
frame_74
id: 74
stamp: 1773061778.170498133
T_odom_lidar: 
   0.934648    0.349787  -0.0638935  -0.0451565
