id: 0
T_world_origin: 
    0.999992   0.00168844  -0.00370183  0.000772703
 -0.00154644     0.999275    0.0380324 -0.000418563
  0.00376336   -0.0380264      0.99927   0.00404487
           0            0            0            1
T_origin_endpoint_L: 
           1 -7.78187e-05 -0.000113185 -0.000738021
 7.78178e-05            1 -8.07421e-06  0.000114743
 0.000113186   8.0654e-06            1   -0.0037136
           0            0            0            1
T_origin_endpoint_R: 
           1  1.91738e-05  0.000288599 -0.000414397
-1.91981e-05            1  8.39403e-05  0.000362979
-0.000288597 -8.39459e-05            1  0.000684701
           0            0            0            1
T_lidar_imu: 
     1      0      0  0.006
     0      1      0 -0.012
     0      0      1  0.008
     0      0      0      1
imu_bias: -0.000108504  0.000296666  -0.00814005 -0.000703828   -0.0015588  -0.00122159
frame_id: 2
num_frames: 92
frame_0
id: 0
stamp: 1773563456.550089598
T_odom_lidar: 
   0.999991  0.00161059 -0.00381502 -0.00590147
-0.00146437    0.999276   0.0380245   0.0112519
  0.0038735  -0.0380186     0.99927 -0.00814677
          0           0           0           1
T_world_lidar: 
   0.999991  0.00161059 -0.00381502 -0.00590147
-0.00146437    0.999276   0.0380245   0.0112519
  0.0038735  -0.0380186     0.99927 -0.00814677
          0           0           0           1
v_world_imu:  0.00944855 -0.00789245   0.0735689
frame_1
id: 1
stamp: 1773563456.650023937
T_odom_lidar: 
   0.999987  0.00127497 -0.00490547 -0.00531502
-0.00108269    0.999239   0.0390017   0.0109626
 0.00495147  -0.0389958    0.999227 -0.00348641
          0           0           0           1
T_world_lidar: 
   0.999987  0.00127497 -0.00490547 -0.00531502
-0.00108269    0.999239   0.0390017   0.0109626
 0.00495147  -0.0389958    0.999227 -0.00348641
          0           0           0           1
v_world_imu: -0.00200368  0.00280278  0.00766058
frame_2
id: 2
stamp: 1773563456.749994516
T_odom_lidar: 
   0.999996  0.00139775 -0.00247735  -0.0059156
-0.00130337    0.999288   0.0376981   0.0113023
 0.00252828  -0.0376947    0.999286 -0.00537748
          0           0           0           1
T_world_lidar: 
   0.999996  0.00139775 -0.00247735  -0.0059156
-0.00130337    0.999288   0.0376981   0.0113023
 0.00252828  -0.0376947    0.999286 -0.00537748
          0           0           0           1
v_world_imu: -0.000946005  -0.00183194  -0.00893651
frame_3
id: 3
stamp: 1773563456.849988937
T_odom_lidar: 
   0.999991  0.00132134 -0.00397358 -0.00536907
-0.00116819    0.999266   0.0382983   0.0107852
 0.00402126  -0.0382934    0.999258 -0.00437081
          0           0           0           1
T_world_lidar: 
   0.999991  0.00132134 -0.00397358 -0.00536907
-0.00116819    0.999266   0.0382983   0.0107852
 0.00402126  -0.0382934    0.999258 -0.00437081
          0           0           0           1
v_world_imu: 0.00441494 -0.0014898 0.00865166
frame_4
id: 4
stamp: 1773563456.949948311
T_odom_lidar: 
   0.999992  0.00162162 -0.00353202 -0.00517845
-0.00148578    0.999272   0.0381296    0.010692
 0.00359128   -0.038124    0.999267 -0.00432026
          0           0           0           1
T_world_lidar: 
   0.999992  0.00162162 -0.00353202 -0.00517845
-0.00148578    0.999272   0.0381296    0.010692
 0.00359128   -0.038124    0.999267 -0.00432026
          0           0           0           1
v_world_imu:  0.000426289  -0.00328896 -0.000476315
frame_5
id: 5
stamp: 1773563457.049772978
T_odom_lidar: 
   0.999992  0.00147733 -0.00374322 -0.00521271
-0.00133392    0.999276   0.0380292   0.0106139
 0.00379669  -0.0380239     0.99927 -0.00426283
          0           0           0           1
T_world_lidar: 
   0.999992  0.00147733 -0.00374322 -0.00521271
-0.00133392    0.999276   0.0380292   0.0106139
 0.00379669  -0.0380239     0.99927 -0.00426283
          0           0           0           1
v_world_imu: 0.00013022 0.00320156 0.00143337
frame_6
id: 6
stamp: 1773563457.149746418
T_odom_lidar: 
   0.999992  0.00144103 -0.00372051 -0.00504756
-0.00129702    0.999261   0.0384226   0.0107538
 0.00377313  -0.0384175    0.999255 -0.00413463
          0           0           0           1
T_world_lidar: 
   0.999992  0.00144103 -0.00372051 -0.00504756
-0.00129702    0.999261   0.0384226   0.0107538
 0.00377313  -0.0384175    0.999255 -0.00413463
          0           0           0           1
v_world_imu:   0.00192834  -0.00118861 -0.000280632
frame_7
id: 7
stamp: 1773563457.249778271
T_odom_lidar: 
   0.999992  0.00167996 -0.00374218 -0.00495361
-0.00153759    0.999287    0.037728   0.0107666
 0.00380289  -0.0377219    0.999281 -0.00432085
          0           0           0           1
T_world_lidar: 
   0.999992  0.00167996 -0.00374218 -0.00495361
-0.00153759    0.999287    0.037728   0.0107666
 0.00380289  -0.0377219    0.999281 -0.00432085
          0           0           0           1
v_world_imu:  0.000222796   0.00241452 -0.000996458
frame_8
id: 8
stamp: 1773563457.349619865
T_odom_lidar: 
   0.999993  0.00140514 -0.00350342 -0.00486705
-0.00127035     0.99927   0.0381837   0.0108242
 0.00355452   -0.038179    0.999265 -0.00420738
          0           0           0           1
T_world_lidar: 
   0.999993  0.00140514 -0.00350342 -0.00486705
-0.00127035     0.99927   0.0381837   0.0108242
 0.00355452   -0.038179    0.999265 -0.00420738
          0           0           0           1
v_world_imu: 0.000567528 -0.00226741  0.00199871
frame_9
id: 9
stamp: 1773563457.449785709
T_odom_lidar: 
   0.999992   0.0017399 -0.00362789 -0.00496712
-0.00160069    0.999275   0.0380281   0.0104885
 0.00369143   -0.038022     0.99927  -0.0040921
          0           0           0           1
T_world_lidar: 
   0.999992   0.0017399 -0.00362789 -0.00496712
-0.00160069    0.999275   0.0380281   0.0104885
 0.00369143   -0.038022     0.99927  -0.0040921
          0           0           0           1
v_world_imu:  -0.00176345 -0.000963454 -0.000201549
frame_10
id: 10
stamp: 1773563457.549636602
T_odom_lidar: 
   0.999992  0.00138841 -0.00370161 -0.00510033
-0.00124603     0.99927   0.0381937   0.0108452
 0.00375194  -0.0381888    0.999263 -0.00420767
          0           0           0           1
T_world_lidar: 
   0.999992  0.00138841 -0.00370161 -0.00510033
-0.00124603     0.99927   0.0381937   0.0108452
 0.00375194  -0.0381888    0.999263 -0.00420767
          0           0           0           1
v_world_imu: -0.000520093   0.00420364 -0.000752585
frame_11
id: 11
stamp: 1773563457.649630785
T_odom_lidar: 
   0.999992  0.00172412 -0.00357218 -0.00505815
 -0.0015867    0.999272   0.0381216   0.0108498
  0.0036353  -0.0381156    0.999267  -0.0042054
          0           0           0           1
T_world_lidar: 
   0.999992  0.00172412 -0.00357218 -0.00505815
 -0.0015867    0.999272   0.0381216   0.0108498
  0.0036353  -0.0381156    0.999267  -0.0042054
          0           0           0           1
v_world_imu:  0.00174542 -0.00246938  0.00144991
frame_12
id: 12
stamp: 1773563457.749639034
T_odom_lidar: 
   0.999993  0.00144656 -0.00356079 -0.00490011
-0.00130985    0.999273   0.0380999   0.0109585
 0.00361332  -0.0380949    0.999268 -0.00404967
          0           0           0           1
T_world_lidar: 
   0.999993  0.00144656 -0.00356079 -0.00490011
-0.00130985    0.999273   0.0380999   0.0109585
 0.00361332  -0.0380949    0.999268 -0.00404967
          0           0           0           1
v_world_imu: 0.000132667  0.00375623 3.60454e-05
frame_13
id: 13
stamp: 1773563457.849795103
T_odom_lidar: 
   0.999992  0.00160899 -0.00360366  -0.0048838
-0.00147029     0.99927   0.0381664   0.0110172
 0.00366244  -0.0381608    0.999265 -0.00423361
          0           0           0           1
T_world_lidar: 
   0.999992  0.00160899 -0.00360366  -0.0048838
-0.00147029     0.99927   0.0381664   0.0110172
 0.00366244  -0.0381608    0.999265 -0.00423361
          0           0           0           1
v_world_imu: -1.94311e-05  -0.00232066  -0.00109512
frame_14
id: 14
stamp: 1773563457.949696064
T_odom_lidar: 
   0.999992  0.00157698  -0.0037591 -0.00491842
-0.00143363    0.999283   0.0378363   0.0111355
 0.00381607  -0.0378306    0.999277 -0.00421877
          0           0           0           1
T_world_lidar: 
   0.999992  0.00157698  -0.0037591 -0.00491842
-0.00143363    0.999283   0.0378363   0.0111355
 0.00381607  -0.0378306    0.999277 -0.00421877
          0           0           0           1
v_world_imu:  -0.00082029   0.00507577 -0.000766131
frame_15
id: 15
stamp: 1773563458.049745798
T_odom_lidar: 
   0.999992  0.00154789 -0.00367711 -0.00501139
-0.00140629    0.999269   0.0382035   0.0114241
 0.00373356   -0.038198    0.999263 -0.00440676
          0           0           0           1
T_world_lidar: 
   0.999992  0.00154789 -0.00367711 -0.00501139
-0.00140629    0.999269   0.0382035   0.0114241
 0.00373356   -0.038198    0.999263 -0.00440676
          0           0           0           1
v_world_imu:  0.000115997   -0.0020558 -0.000786163
frame_16
id: 16
stamp: 1773563458.149767399
T_odom_lidar: 
   0.999991  0.00203444 -0.00362517 -0.00490486
-0.00189602    0.999284   0.0377872   0.0111064
 0.00369945    -0.03778    0.999279 -0.00442302
          0           0           0           1
T_world_lidar: 
   0.999991  0.00203444 -0.00362517 -0.00490486
-0.00189602    0.999284   0.0377872   0.0111064
 0.00369945    -0.03778    0.999279 -0.00442302
          0           0           0           1
v_world_imu:  0.000537087 -0.000998211 -0.000371919
frame_17
id: 17
stamp: 1773563458.249730110
T_odom_lidar: 
   0.999992  0.00125939 -0.00373731 -0.00487822
-0.00111542    0.999267   0.0382781   0.0111952
 0.00378278  -0.0382736     0.99926 -0.00443107
          0           0           0           1
T_world_lidar: 
   0.999992  0.00125939 -0.00373731 -0.00487822
-0.00111542    0.999267   0.0382781   0.0111952
 0.00378278  -0.0382736     0.99926 -0.00443107
          0           0           0           1
v_world_imu:  0.000241447 -0.000242924  0.000433825
frame_18
id: 18
stamp: 1773563458.349765778
T_odom_lidar: 
   0.999991  0.00174947 -0.00373988 -0.00484054
-0.00160625    0.999278   0.0379613   0.0108782
  0.0038036  -0.0379549    0.999272 -0.00442534
          0           0           0           1
T_world_lidar: 
   0.999991  0.00174947 -0.00373988 -0.00484054
-0.00160625    0.999278   0.0379613   0.0108782
  0.0038036  -0.0379549    0.999272 -0.00442534
          0           0           0           1
v_world_imu:  0.000504547  -0.00312716 -0.000969209
frame_19
id: 19
stamp: 1773563458.449819088
T_odom_lidar: 
   0.999991  0.00153954  -0.0038765 -0.00478987
 -0.0013913    0.999278   0.0379584   0.0110002
 0.00393214  -0.0379527    0.999272 -0.00457931
          0           0           0           1
T_world_lidar: 
   0.999991  0.00153954  -0.0038765 -0.00478987
 -0.0013913    0.999278   0.0379584   0.0110002
 0.00393214  -0.0379527    0.999272 -0.00457931
          0           0           0           1
v_world_imu:  0.000332115   0.00157776 -0.000676937
frame_20
id: 20
stamp: 1773563458.549732208
T_odom_lidar: 
   0.999991  0.00151777 -0.00390923  -0.0047026
-0.00136786    0.999274   0.0380671   0.0106587
 0.00396417  -0.0380614    0.999268 -0.00448216
          0           0           0           1
T_world_lidar: 
   0.999991  0.00151777 -0.00390923  -0.0047026
-0.00136786    0.999274   0.0380671   0.0106587
 0.00396417  -0.0380614    0.999268 -0.00448216
          0           0           0           1
v_world_imu: 0.000913747 -0.00491124 0.000654524
frame_21
id: 21
stamp: 1773563458.649827957
T_odom_lidar: 
   0.999991  0.00153327 -0.00386076 -0.00469495
-0.00138645    0.999286   0.0377495   0.0107116
 0.00391588  -0.0377439     0.99928 -0.00447883
          0           0           0           1
T_world_lidar: 
   0.999991  0.00153327 -0.00386076 -0.00469495
-0.00138645    0.999286   0.0377495   0.0107116
 0.00391588  -0.0377439     0.99928 -0.00447883
          0           0           0           1
v_world_imu: -0.000696244   0.00476616 -0.000266135
frame_22
id: 22
stamp: 1773563458.749721289
T_odom_lidar: 
   0.999991  0.00163128 -0.00385995 -0.00473712
-0.00148334    0.999276   0.0380221   0.0109451
 0.00391917  -0.0380161    0.999269 -0.00450632
          0           0           0           1
T_world_lidar: 
   0.999991  0.00163128 -0.00385995 -0.00473712
-0.00148334    0.999276   0.0380221   0.0109451
 0.00391917  -0.0380161    0.999269 -0.00450632
          0           0           0           1
v_world_imu:  -0.00104471  -0.00131548 -0.000285333
frame_23
id: 23
stamp: 1773563458.849714041
T_odom_lidar: 
   0.999992  0.00170094 -0.00372488 -0.00497859
-0.00155891    0.999284   0.0378069   0.0108623
 0.00378652  -0.0378008    0.999278 -0.00453436
          0           0           0           1
T_world_lidar: 
   0.999992  0.00170094 -0.00372488 -0.00497859
-0.00155891    0.999284   0.0378069   0.0108623
 0.00378652  -0.0378008    0.999278 -0.00453436
          0           0           0           1
v_world_imu:  -0.00387903   0.00172551 -0.000571321
frame_24
id: 24
stamp: 1773563458.949815989
T_odom_lidar: 
   0.999992  0.00132032 -0.00370557  -0.0053752
-0.00117797    0.999271   0.0381573   0.0110659
 0.00375325  -0.0381526    0.999265 -0.00455031
          0           0           0           1
T_world_lidar: 
   0.999992  0.00132032 -0.00370557  -0.0053752
-0.00117797    0.999271   0.0381573   0.0110659
 0.00375325  -0.0381526    0.999265 -0.00455031
          0           0           0           1
v_world_imu: -0.00259336 -0.00176981 0.000933877
frame_25
id: 25
stamp: 1773563459.049786329
T_odom_lidar: 
   0.999991  0.00173504 -0.00374681 -0.00552679
-0.00159238    0.999286   0.0377481   0.0105994
 0.00380963  -0.0377419     0.99928 -0.00445866
          0           0           0           1
T_world_lidar: 
   0.999991  0.00173504 -0.00374681 -0.00552679
-0.00159238    0.999286   0.0377481   0.0105994
 0.00380963  -0.0377419     0.99928 -0.00445866
          0           0           0           1
v_world_imu: -0.00203583 -0.00151961 0.000212789
frame_26
id: 26
stamp: 1773563459.149916887
T_odom_lidar: 
   0.999992  0.00143194  -0.0036249  -0.0057537
-0.00129297    0.999275   0.0380544   0.0109937
 0.00367677  -0.0380494    0.999269 -0.00446817
          0           0           0           1
T_world_lidar: 
   0.999992  0.00143194  -0.0036249  -0.0057537
-0.00129297    0.999275   0.0380544   0.0109937
 0.00367677  -0.0380494    0.999269 -0.00446817
          0           0           0           1
v_world_imu: -0.000596959    0.0035744  -0.00122494
frame_27
id: 27
stamp: 1773563459.249705076
T_odom_lidar: 
   0.999991  0.00163555  -0.0037926 -0.00560525
-0.00149043    0.999278   0.0379538    0.010787
 0.00385194  -0.0379479    0.999272 -0.00460277
          0           0           0           1
T_world_lidar: 
   0.999991  0.00163555  -0.0037926 -0.00560525
-0.00149043    0.999278   0.0379538    0.010787
 0.00385194  -0.0379479    0.999272 -0.00460277
          0           0           0           1
v_world_imu: 0.000718966 -0.00379739 0.000362755
frame_28
id: 28
stamp: 1773563459.349728584
T_odom_lidar: 
   0.999992  0.00158276 -0.00356627 -0.00570699
-0.00144583    0.999274   0.0380769   0.0108509
 0.00362395  -0.0380715    0.999268 -0.00447353
          0           0           0           1
T_world_lidar: 
   0.999992  0.00158276 -0.00356627 -0.00570699
-0.00144583    0.999274   0.0380769   0.0108509
 0.00362395  -0.0380715    0.999268 -0.00447353
          0           0           0           1
v_world_imu:  -0.0015253   0.0020013 0.000621761
frame_29
id: 29
stamp: 1773563459.449741840
T_odom_lidar: 
   0.999991  0.00147975 -0.00388661 -0.00575969
-0.00133051    0.999272   0.0381239    0.010676
  0.0039402  -0.0381184    0.999265 -0.00449524
          0           0           0           1
T_world_lidar: 
   0.999991  0.00147975 -0.00388661 -0.00575969
-0.00133051    0.999272   0.0381239    0.010676
  0.0039402  -0.0381184    0.999265 -0.00449524
          0           0           0           1
v_world_imu: 0.000845409 -0.00305933 0.000196636
frame_30
id: 30
stamp: 1773563459.549696207
T_odom_lidar: 
   0.999992  0.00168236 -0.00365182 -0.00557738
 -0.0015422    0.999275   0.0380498   0.0107857
 0.00371318  -0.0380438    0.999269 -0.00444431
          0           0           0           1
T_world_lidar: 
   0.999992  0.00168236 -0.00365182 -0.00557738
 -0.0015422    0.999275   0.0380498   0.0107857
 0.00371318  -0.0380438    0.999269 -0.00444431
          0           0           0           1
v_world_imu:  0.000670405   0.00395709 -2.13801e-05
frame_31
id: 31
stamp: 1773563459.649737120
T_odom_lidar: 
   0.999992   0.0013496 -0.00371767 -0.00557474
-0.00120668     0.99927   0.0381811   0.0109225
 0.00376648  -0.0381763    0.999264 -0.00449459
          0           0           0           1
T_world_lidar: 
   0.999992   0.0013496 -0.00371767 -0.00557474
-0.00120668     0.99927   0.0381811   0.0109225
 0.00376648  -0.0381763    0.999264 -0.00449459
          0           0           0           1
v_world_imu:  0.00101843 -0.00256831 4.73771e-05
frame_32
id: 32
stamp: 1773563459.749829531
T_odom_lidar: 
   0.999992  0.00181615 -0.00354791 -0.00540404
-0.00168029    0.999279    0.037926   0.0106114
 0.00361423  -0.0379197    0.999274 -0.00443899
          0           0           0           1
T_world_lidar: 
   0.999992  0.00181615 -0.00354791 -0.00540404
-0.00168029    0.999279    0.037926   0.0106114
 0.00361423  -0.0379197    0.999274 -0.00443899
          0           0           0           1
v_world_imu:  0.00174206 0.000760009 0.000460111
frame_33
id: 33
stamp: 1773563459.849870920
T_odom_lidar: 
   0.999992   0.0014271 -0.00369015 -0.00523423
-0.00128456    0.999264   0.0383451   0.0111006
 0.00374215    -0.03834    0.999258 -0.00452477
          0           0           0           1
T_world_lidar: 
   0.999992   0.0014271 -0.00369015 -0.00523423
-0.00128456    0.999264   0.0383451   0.0111006
 0.00374215    -0.03834    0.999258 -0.00452477
          0           0           0           1
v_world_imu:  0.00125219  0.00340148 -0.00265855
frame_34
id: 34
stamp: 1773563459.949859381
T_odom_lidar: 
   0.999992  0.00199976 -0.00353994 -0.00522163
-0.00186372    0.999275   0.0380244   0.0109288
 0.00361341  -0.0380175    0.999271 -0.00483413
          0           0           0           1
T_world_lidar: 
   0.999992  0.00199976 -0.00353994 -0.00522163
-0.00186372    0.999275   0.0380244   0.0109288
 0.00361341  -0.0380175    0.999271 -0.00483413
          0           0           0           1
v_world_imu: -0.000716853  -0.00306734  0.000837368
frame_35
id: 35
stamp: 1773563460.049741745
T_odom_lidar: 
   0.999991  0.00160961 -0.00384638 -0.00540347
-0.00146188    0.999273   0.0381057   0.0109854
 0.00390492  -0.0380998    0.999266 -0.00438127
          0           0           0           1
T_world_lidar: 
   0.999991  0.00160961 -0.00384638 -0.00540347
-0.00146188    0.999273   0.0381057   0.0109854
 0.00390492  -0.0380998    0.999266 -0.00438127
          0           0           0           1
v_world_imu: -0.00259507  0.00314887  0.00267911
frame_36
id: 36
stamp: 1773563460.149684668
T_odom_lidar: 
   0.999992  0.00172149 -0.00369388 -0.00557039
-0.00157935    0.999271   0.0381417   0.0109759
 0.00375685  -0.0381356    0.999266 -0.00445183
          0           0           0           1
T_world_lidar: 
   0.999992  0.00172149 -0.00369388 -0.00557039
-0.00157935    0.999271   0.0381417   0.0109759
 0.00375685  -0.0381356    0.999266 -0.00445183
          0           0           0           1
v_world_imu: -0.000715692  -0.00283915  0.000279836
frame_37
id: 37
stamp: 1773563460.249551773
T_odom_lidar: 
   0.999992  0.00165806 -0.00372225 -0.00563588
 -0.0015153    0.999275   0.0380327   0.0109899
 0.00378261  -0.0380268     0.99927 -0.00430022
          0           0           0           1
T_world_lidar: 
   0.999992  0.00165806 -0.00372225 -0.00563588
 -0.0015153    0.999275   0.0380327   0.0109899
 0.00378261  -0.0380268     0.99927 -0.00430022
          0           0           0           1
v_world_imu: -0.000336305    0.0037565   0.00105422
frame_38
id: 38
stamp: 1773563460.349474907
T_odom_lidar: 
   0.999992  0.00165764 -0.00373891 -0.00548695
-0.00151329    0.999266   0.0382854    0.011158
 0.00379963  -0.0382794     0.99926 -0.00426051
          0           0           0           1
T_world_lidar: 
   0.999992  0.00165764 -0.00373891 -0.00548695
-0.00151329    0.999266   0.0382854    0.011158
 0.00379963  -0.0382794     0.99926 -0.00426051
          0           0           0           1
v_world_imu:   0.00260636   -0.0027727 -0.000325263
frame_39
id: 39
stamp: 1773563460.449532270
T_odom_lidar: 
   0.999993  0.00172115 -0.00342795 -0.00526418
-0.00158962    0.999276   0.0380105   0.0108452
 0.00349089  -0.0380048    0.999271 -0.00442515
          0           0           0           1
T_world_lidar: 
   0.999993  0.00172115 -0.00342795 -0.00526418
-0.00158962    0.999276   0.0380105   0.0108452
 0.00349089  -0.0380048    0.999271 -0.00442515
          0           0           0           1
v_world_imu:  0.00151695 0.000658248 -0.00111266
frame_40
id: 40
stamp: 1773563460.549390316
T_odom_lidar: 
   0.999992   0.0014373 -0.00371837 -0.00511962
-0.00129416    0.999269   0.0382153   0.0111937
 0.00377058  -0.0382102    0.999263 -0.00445263
          0           0           0           1
T_world_lidar: 
   0.999992   0.0014373 -0.00371837 -0.00511962
-0.00129416    0.999269   0.0382153   0.0111937
 0.00377058  -0.0382102    0.999263 -0.00445263
          0           0           0           1
v_world_imu:   0.00213667   0.00262142 -0.000345022
frame_41
id: 41
stamp: 1773563460.649609804
T_odom_lidar: 
   0.999991   0.0017895 -0.00379784 -0.00490343
-0.00164379    0.999275   0.0380291   0.0112315
 0.00386314  -0.0380225    0.999269 -0.00453232
          0           0           0           1
T_world_lidar: 
   0.999991   0.0017895 -0.00379784 -0.00490343
-0.00164379    0.999275   0.0380291   0.0112315
 0.00386314  -0.0380225    0.999269 -0.00453232
          0           0           0           1
v_world_imu:   0.00161981  0.000764443 -0.000140909
frame_42
id: 42
stamp: 1773563460.749389410
T_odom_lidar: 
   0.999992  0.00134013 -0.00380412 -0.00483377
-0.00119412    0.999272   0.0381307   0.0116314
 0.00385245  -0.0381259    0.999266 -0.00446303
          0           0           0           1
T_world_lidar: 
   0.999992  0.00134013 -0.00380412 -0.00483377
-0.00119412    0.999272   0.0381307   0.0116314
 0.00385245  -0.0381259    0.999266 -0.00446303
          0           0           0           1
v_world_imu: -0.000731524   0.00416581  0.000481838
frame_43
id: 43
stamp: 1773563460.849470615
T_odom_lidar: 
   0.999991  0.00176739 -0.00384101 -0.00499102
-0.00162048     0.99928   0.0379184   0.0115173
 0.00390526  -0.0379119    0.999273  -0.0044201
          0           0           0           1
T_world_lidar: 
   0.999991  0.00176739 -0.00384101 -0.00499102
-0.00162048     0.99928   0.0379184   0.0115173
 0.00390526  -0.0379119    0.999273  -0.0044201
          0           0           0           1
v_world_imu: -0.00284587 -0.00530529  0.00029972
frame_44
id: 44
stamp: 1773563460.949472427
T_odom_lidar: 
   0.999992  0.00148085 -0.00369353 -0.00531971
-0.00133989    0.999281    0.037879   0.0113121
 0.00374697  -0.0378738    0.999276 -0.00437754
          0           0           0           1
T_world_lidar: 
   0.999992  0.00148085 -0.00369353 -0.00531971
-0.00133989    0.999281    0.037879   0.0113121
 0.00374697  -0.0378738    0.999276 -0.00437754
          0           0           0           1
v_world_imu:  -0.00158567    0.0028767 -0.000616503
frame_45
id: 45
stamp: 1773563461.049504519
T_odom_lidar: 
   0.999991  0.00145345 -0.00389422 -0.00520225
-0.00130358    0.999269   0.0382161   0.0114656
 0.00394692  -0.0382107    0.999262 -0.00453269
          0           0           0           1
T_world_lidar: 
   0.999991  0.00145345 -0.00389422 -0.00520225
-0.00130358    0.999269   0.0382161   0.0114656
 0.00394692  -0.0382107    0.999262 -0.00453269
          0           0           0           1
v_world_imu:   0.00143894  -0.00230181 -0.000379138
frame_46
id: 46
stamp: 1773563461.149518967
T_odom_lidar: 
   0.999992  0.00168844 -0.00370183 -0.00517737
-0.00154644    0.999275   0.0380324   0.0112778
 0.00376336  -0.0380264     0.99927 -0.00442818
          0           0           0           1
T_world_lidar: 
   0.999992  0.00168844 -0.00370183 -0.00517737
-0.00154644    0.999275   0.0380324   0.0112778
 0.00376336  -0.0380264     0.99927 -0.00442818
          0           0           0           1
v_world_imu: -0.00104826  0.00108345 0.000436398
frame_47
id: 47
stamp: 1773563461.249420881
T_odom_lidar: 
   0.999992  0.00139726 -0.00372981 -0.00529308
-0.00125378    0.999269   0.0381974   0.0113953
 0.00378046  -0.0381924    0.999263 -0.00441292
          0           0           0           1
T_world_lidar: 
   0.999992  0.00139726 -0.00372981 -0.00529308
-0.00125378    0.999269   0.0381974   0.0113953
 0.00378046  -0.0381924    0.999263 -0.00441292
          0           0           0           1
v_world_imu: -0.000813759  -0.00202998   0.00103845
frame_48
id: 48
stamp: 1773563461.349473953
T_odom_lidar: 
   0.999993  0.00159005 -0.00352011 -0.00542404
-0.00145525    0.999278   0.0379704    0.011001
 0.00357794   -0.037965    0.999273  -0.0041967
          0           0           0           1
T_world_lidar: 
   0.999993  0.00159005 -0.00352011 -0.00542404
-0.00145525    0.999278   0.0379704    0.011001
 0.00357794   -0.037965    0.999273  -0.0041967
          0           0           0           1
v_world_imu: -0.00332122 -0.00181851  0.00312003
frame_49
id: 49
stamp: 1773563461.449338913
T_odom_lidar: 
   0.999993  0.00152596 -0.00350016 -0.00588315
-0.00139074    0.999265   0.0383149   0.0111555
 0.00355605  -0.0383097     0.99926 -0.00395166
          0           0           0           1
T_world_lidar: 
   0.999993  0.00152596 -0.00350016 -0.00588315
-0.00139074    0.999265   0.0383149   0.0111555
 0.00355605  -0.0383097     0.99926 -0.00395166
          0           0           0           1
v_world_imu:  -0.00317432 -0.000167425   0.00056379
frame_50
id: 50
stamp: 1773563461.549614429
T_odom_lidar: 
   0.999992  0.00151253 -0.00362165 -0.00596121
-0.00137392    0.999278   0.0379725   0.0106873
 0.00367647  -0.0379672    0.999272 -0.00402754
          0           0           0           1
T_world_lidar: 
   0.999992  0.00151253 -0.00362165 -0.00596121
-0.00137392    0.999278   0.0379725   0.0106873
 0.00367647  -0.0379672    0.999272 -0.00402754
          0           0           0           1
v_world_imu: -0.000162333  -0.00323964  0.000386793
frame_51
id: 51
stamp: 1773563461.649466276
T_odom_lidar: 
   0.999993  0.00144376 -0.00343401 -0.00602365
 -0.0013113    0.999267   0.0382672   0.0110082
 0.00348674  -0.0382625    0.999262 -0.00388694
          0           0           0           1
T_world_lidar: 
   0.999993  0.00144376 -0.00343401 -0.00602365
 -0.0013113    0.999267   0.0382672   0.0110082
 0.00348674  -0.0382625    0.999262 -0.00388694
          0           0           0           1
v_world_imu:  -0.0003005  0.00410755 0.000436694
frame_52
id: 52
stamp: 1773563461.749597788
T_odom_lidar: 
   0.999993  0.00141706 -0.00350313  -0.0059409
-0.00128237    0.999271    0.038157   0.0108749
 0.00355464  -0.0381523    0.999266 -0.00393427
          0           0           0           1
T_world_lidar: 
   0.999993  0.00141706 -0.00350313  -0.0059409
-0.00128237    0.999271    0.038157   0.0108749
 0.00355464  -0.0381523    0.999266 -0.00393427
          0           0           0           1
v_world_imu:  0.000515061  -0.00285621 -6.47431e-05
frame_53
id: 53
stamp: 1773563461.849397421
T_odom_lidar: 
   0.999992  0.00187186 -0.00350174 -0.00600129
-0.00173716    0.999273   0.0380817   0.0110346
 0.00357048  -0.0380753    0.999268 -0.00392789
          0           0           0           1
T_world_lidar: 
   0.999992  0.00187186 -0.00350174 -0.00600129
-0.00173716    0.999273   0.0380817   0.0110346
 0.00357048  -0.0380753    0.999268 -0.00392789
          0           0           0           1
v_world_imu:  5.94784e-05   0.00393142 -0.000242137
frame_54
id: 54
stamp: 1773563461.949482918
T_odom_lidar: 
   0.999993  0.00134316 -0.00357424 -0.00581428
-0.00120552    0.999268    0.038236   0.0110849
 0.00362298  -0.0382314    0.999262 -0.00398909
          0           0           0           1
T_world_lidar: 
   0.999993  0.00134316 -0.00357424 -0.00581428
-0.00120552    0.999268    0.038236   0.0110849
 0.00362298  -0.0382314    0.999262 -0.00398909
          0           0           0           1
v_world_imu:  0.00223829 -0.00370725 -0.00119959
frame_55
id: 55
stamp: 1773563462.049466372
T_odom_lidar: 
   0.999992  0.00176561 -0.00364711 -0.00570365
-0.00162585    0.999277   0.0379745   0.0107325
 0.00371153  -0.0379682    0.999272 -0.00418234
          0           0           0           1
T_world_lidar: 
   0.999992  0.00176561 -0.00364711 -0.00570365
-0.00162585    0.999277   0.0379745   0.0107325
 0.00371153  -0.0379682    0.999272 -0.00418234
          0           0           0           1
v_world_imu:  0.000974235 -0.000119905 -0.000329939
frame_56
id: 56
stamp: 1773563462.149571419
T_odom_lidar: 
   0.999993  0.00130169 -0.00359357 -0.00552804
-0.00116289    0.999263   0.0383611   0.0109489
 0.00364086  -0.0383567    0.999257 -0.00405718
          0           0           0           1
T_world_lidar: 
   0.999993  0.00130169 -0.00359357 -0.00552804
-0.00116289    0.999263   0.0383611   0.0109489
 0.00364086  -0.0383567    0.999257 -0.00405718
          0           0           0           1
v_world_imu:   0.00144848   0.00185211 -0.000226781
frame_57
id: 57
stamp: 1773563462.249685049
T_odom_lidar: 
   0.999992  0.00183234  -0.0036882 -0.00543682
  -0.001691    0.999278   0.0379673   0.0108519
 0.00375511  -0.0379607    0.999272 -0.00417141
          0           0           0           1
T_world_lidar: 
   0.999992  0.00183234  -0.0036882 -0.00543682
  -0.001691    0.999278   0.0379673   0.0108519
 0.00375511  -0.0379607    0.999272 -0.00417141
          0           0           0           1
v_world_imu: 0.000343803 -0.00259419 0.000666236
frame_58
id: 58
stamp: 1773563462.349510908
T_odom_lidar: 
   0.999992  0.00154695 -0.00364082 -0.00540775
-0.00140679     0.99927   0.0381878   0.0108083
 0.00369724  -0.0381824    0.999264 -0.00398372
          0           0           0           1
T_world_lidar: 
   0.999992  0.00154695 -0.00364082 -0.00540775
-0.00140679     0.99927   0.0381878   0.0108083
 0.00369724  -0.0381824    0.999264 -0.00398372
          0           0           0           1
v_world_imu: 0.000418949  0.00215487 0.000173879
frame_59
id: 59
stamp: 1773563462.449588060
T_odom_lidar: 
   0.999993  0.00153116 -0.00349105 -0.00535196
-0.00139694    0.999272   0.0381308   0.0108218
 0.00354689  -0.0381257    0.999267 -0.00417327
          0           0           0           1
T_world_lidar: 
   0.999993  0.00153116 -0.00349105 -0.00535196
-0.00139694    0.999272   0.0381308   0.0108218
 0.00354689  -0.0381257    0.999267 -0.00417327
          0           0           0           1
v_world_imu: -0.000218544  -0.00100491  -0.00212816
frame_60
id: 60
stamp: 1773563462.549527645
T_odom_lidar: 
   0.999992  0.00173311 -0.00368368 -0.00540428
-0.00159187    0.999276   0.0380062   0.0110314
 0.00374688      -0.038    0.999271 -0.00438156
          0           0           0           1
T_world_lidar: 
   0.999992  0.00173311 -0.00368368 -0.00540428
-0.00159187    0.999276   0.0380062   0.0110314
 0.00374688      -0.038    0.999271 -0.00438156
          0           0           0           1
v_world_imu:  0.00132089  0.00197472 -0.00117164
frame_61
id: 61
stamp: 1773563462.649577856
T_odom_lidar: 
   0.999992  0.00145979 -0.00370079 -0.00503921
-0.00131748     0.99927    0.038168   0.0107256
 0.00375381  -0.0381629    0.999264 -0.00435883
          0           0           0           1
T_world_lidar: 
   0.999992  0.00145979 -0.00370079 -0.00503921
-0.00131748     0.99927    0.038168   0.0107256
 0.00375381  -0.0381629    0.999264 -0.00435883
          0           0           0           1
v_world_imu: 0.00225604 -0.0042111 0.00113362
frame_62
id: 62
stamp: 1773563462.749536037
T_odom_lidar: 
   0.999992  0.00184378 -0.00348943 -0.00510438
-0.00170945    0.999272   0.0381155   0.0107224
 0.00355716  -0.0381092    0.999267 -0.00427737
          0           0           0           1
T_world_lidar: 
   0.999992  0.00184378 -0.00348943 -0.00510438
-0.00170945    0.999272   0.0381155   0.0107224
 0.00355716  -0.0381092    0.999267 -0.00427737
          0           0           0           1
v_world_imu: -0.00207107  0.00312751 0.000394709
frame_63
id: 63
stamp: 1773563462.849741220
T_odom_lidar: 
   0.999993  0.00116846 -0.00367879 -0.00523206
-0.00102668    0.999265   0.0383092    0.010975
 0.00372085  -0.0383051    0.999259 -0.00430204
          0           0           0           1
T_world_lidar: 
   0.999993  0.00116846 -0.00367879 -0.00523206
-0.00102668    0.999265   0.0383092    0.010975
 0.00372085  -0.0383051    0.999259 -0.00430204
          0           0           0           1
v_world_imu: -4.16879e-05  0.000964965 -0.000135441
frame_64
id: 64
stamp: 1773563462.949537754
T_odom_lidar: 
   0.999992  0.00186835 -0.00357235 -0.00524966
-0.00173124    0.999276   0.0380059   0.0109805
 0.00364077  -0.0379994    0.999271 -0.00433087
          0           0           0           1
T_world_lidar: 
   0.999992  0.00186835 -0.00357235 -0.00524966
-0.00173124    0.999276   0.0380059   0.0109805
 0.00364077  -0.0379994    0.999271 -0.00433087
          0           0           0           1
v_world_imu:  -0.00196064   0.00121267 -0.000821929
frame_65
id: 65
stamp: 1773563463.049550772
T_odom_lidar: 
   0.999992  0.00142169 -0.00377275 -0.00548775
 -0.0012767    0.999271   0.0381585   0.0113966
 0.00382425  -0.0381534    0.999265 -0.00441701
          0           0           0           1
T_world_lidar: 
   0.999992  0.00142169 -0.00377275 -0.00548775
 -0.0012767    0.999271   0.0381585   0.0113966
 0.00382425  -0.0381534    0.999265 -0.00441701
          0           0           0           1
v_world_imu: 0.000401585  0.00378304 0.000224915
frame_66
id: 66
stamp: 1773563463.149627924
T_odom_lidar: 
   0.999992  0.00179055 -0.00360188   -0.005176
-0.00165155    0.999268    0.038231   0.0112969
  0.0036677  -0.0382247    0.999262 -0.00429817
          0           0           0           1
T_world_lidar: 
   0.999992  0.00179055 -0.00360188   -0.005176
-0.00165155    0.999268    0.038231   0.0112969
  0.0036677  -0.0382247    0.999262 -0.00429817
          0           0           0           1
v_world_imu:  0.00253954 -0.00255665  0.00125361
frame_67
id: 67
stamp: 1773563463.249532223
T_odom_lidar: 
   0.999992   0.0015954   -0.003643   -0.005141
-0.00145579    0.999276   0.0380094   0.0114612
   0.003701  -0.0380038    0.999271 -0.00422868
          0           0           0           1
T_world_lidar: 
   0.999992   0.0015954   -0.003643   -0.005141
-0.00145579    0.999276   0.0380094   0.0114612
   0.003701  -0.0380038    0.999271 -0.00422868
          0           0           0           1
v_world_imu: -0.000685498   0.00277136   0.00033816
frame_68
id: 68
stamp: 1773563463.349587440
T_odom_lidar: 
   0.999991  0.00159133 -0.00399503 -0.00515861
-0.00143735    0.999267    0.038254   0.0112078
 0.00405297  -0.0382479     0.99926 -0.00425677
          0           0           0           1
T_world_lidar: 
   0.999991  0.00159133 -0.00399503 -0.00515861
-0.00143735    0.999267    0.038254   0.0112078
 0.00405297  -0.0382479     0.99926 -0.00425677
          0           0           0           1
v_world_imu:  0.00103557 -0.00634933 7.36752e-05
frame_69
id: 69
stamp: 1773563463.449671268
T_odom_lidar: 
   0.999992  0.00163911 -0.00354595 -0.00510659
-0.00150318    0.999276   0.0380051   0.0109515
 0.00360568  -0.0379995    0.999271 -0.00424629
          0           0           0           1
T_world_lidar: 
   0.999992  0.00163911 -0.00354595 -0.00510659
-0.00150318    0.999276   0.0380051   0.0109515
 0.00360568  -0.0379995    0.999271 -0.00424629
          0           0           0           1
v_world_imu: -0.00164208  0.00341025 -0.00102989
frame_70
id: 70
stamp: 1773563463.549655437
T_odom_lidar: 
   0.999992  0.00133045 -0.00386914  -0.0053808
-0.00118123    0.999265   0.0383157    0.011343
 0.00391727  -0.0383108    0.999258 -0.00441329
          0           0           0           1
T_world_lidar: 
   0.999992  0.00133045 -0.00386914  -0.0053808
-0.00118123    0.999265   0.0383157    0.011343
 0.00391727  -0.0383108    0.999258 -0.00441329
          0           0           0           1
v_world_imu: -0.00204749  0.00134913 -0.00139501
frame_71
id: 71
stamp: 1773563463.649650812
T_odom_lidar: 
   0.999991  0.00183037 -0.00370964  -0.0055694
  -0.001689    0.999285   0.0377622   0.0113664
 0.00377611  -0.0377556     0.99928 -0.00443583
          0           0           0           1
T_world_lidar: 
   0.999991  0.00183037 -0.00370964  -0.0055694
  -0.001689    0.999285   0.0377622   0.0113664
 0.00377611  -0.0377556     0.99928 -0.00443583
          0           0           0           1
v_world_imu: -0.00211293  0.00201442  0.00069073
frame_72
id: 72
stamp: 1773563463.749698162
T_odom_lidar: 
   0.999992  0.00142475 -0.00362863 -0.00569297
-0.00128499    0.999268   0.0382311   0.0117354
 0.00368045  -0.0382262    0.999262 -0.00434194
          0           0           0           1
T_world_lidar: 
   0.999992  0.00142475 -0.00362863 -0.00569297
-0.00128499    0.999268   0.0382311   0.0117354
 0.00368045  -0.0382262    0.999262 -0.00434194
          0           0           0           1
v_world_imu: -0.000300625 -0.000395297  -6.8249e-05
frame_73
id: 73
stamp: 1773563463.849549294
T_odom_lidar: 
   0.999992  0.00159007  -0.0036972  -0.0056324
-0.00144889    0.999281   0.0378802   0.0110767
 0.00375478  -0.0378746    0.999275 -0.00445923
          0           0           0           1
T_world_lidar: 
   0.999992  0.00159007  -0.0036972  -0.0056324
-0.00144889    0.999281   0.0378802   0.0110767
 0.00375478  -0.0378746    0.999275 -0.00445923
          0           0           0           1
v_world_imu:    0.0015408  -0.00622377 -0.000729796
frame_74
id: 74
stamp: 1773563463.949707270
T_odom_lidar: 
   0.999992   0.0012012 -0.00377791 -0.00545529
-0.00105609     0.99927   0.0381795   0.0111475
 0.00382101  -0.0381752    0.999264 -0.00440499
          0           0           0           1
T_world_lidar: 
   0.999992   0.0012012 -0.00377791 -0.00545529
-0.00105609     0.99927   0.0381795   0.0111475
 0.00382101  -0.0381752    0.999264 -0.00440499
          0           0           0           1
v_world_imu: 0.000423664  0.00500057 0.000268143
frame_75
id: 75
stamp: 1773563464.049660444
T_odom_lidar: 
   0.999992  0.00171487 -0.00353193 -0.00547749
-0.00157867    0.999268   0.0382124   0.0113105
 0.00359487  -0.0382065    0.999263 -0.00440201
          0           0           0           1
T_world_lidar: 
   0.999992  0.00171487 -0.00353193 -0.00547749
-0.00157867    0.999268   0.0382124   0.0113105
 0.00359487  -0.0382065    0.999263 -0.00440201
          0           0           0           1
v_world_imu: -0.000197546  -0.00280558  0.000567626
frame_76
id: 76
stamp: 1773563464.149723291
T_odom_lidar: 
   0.999992  0.00157851 -0.00358122 -0.00548241
 -0.0014414    0.999278   0.0379717   0.0112066
 0.00363857  -0.0379662    0.999272 -0.00433259
          0           0           0           1
T_world_lidar: 
   0.999992  0.00157851 -0.00358122 -0.00548241
 -0.0014414    0.999278   0.0379717   0.0112066
