id: 0
T_world_origin: 
   0.999756  0.00419382  -0.0216727 -0.00131127
-0.00295947    0.998388   0.0566755  0.00125134
  0.0218755  -0.0565975    0.998157  0.00335748
          0           0           0           1
T_origin_endpoint_L: 
    0.999999  0.000145289  -0.00129381 -0.000140567
-0.000145896            1  -0.00046879 -0.000354905
  0.00129374  0.000468978     0.999999  -0.00374969
           0            0            0            1
T_origin_endpoint_R: 
           1 -0.000203051  4.80415e-05  -0.00101748
 0.000203067            1 -0.000340656  0.000196631
-4.79723e-05  0.000340666            1  0.000410676
           0            0            0            1
T_lidar_imu: 
     1      0      0  0.006
     0      1      0 -0.012
     0      0      1  0.008
     0      0      0      1
imu_bias: -8.03151e-05  0.000579947  -0.00785199   0.00088604  -0.00273347  -0.00265849
frame_id: 2
num_frames: 222
frame_0
id: 0
stamp: 1772816629.471967936
T_odom_lidar: 
  0.999727  0.0043289 -0.0229681 -0.0071347
-0.0030318   0.998414  0.0562112  0.0122344
  0.023175 -0.0561262   0.998155 -0.0091661
         0          0          0          1
T_world_lidar: 
  0.999727  0.0043289 -0.0229681 -0.0071347
-0.0030318   0.998414  0.0562112  0.0122344
  0.023175 -0.0561262   0.998155 -0.0091661
         0          0          0          1
v_world_imu: -0.00102139  0.00550981   0.0706486
frame_1
id: 1
stamp: 1772816629.571891546
T_odom_lidar: 
   0.999726  0.00402244  -0.0230766 -0.00730617
-0.00266867     0.99829   0.0583978   0.0124088
   0.023272  -0.0583202    0.998027 -0.00487836
          0           0           0           1
T_world_lidar: 
   0.999726  0.00402244  -0.0230766 -0.00730617
-0.00266867     0.99829   0.0583978   0.0124088
   0.023272  -0.0583202    0.998027 -0.00487836
          0           0           0           1
v_world_imu: -0.000130444  0.000434682   0.00608417
frame_2
id: 2
stamp: 1772816629.672028065
T_odom_lidar: 
   0.999763  0.00414329  -0.0213943 -0.00710336
 -0.0029574    0.998473   0.0551672   0.0127772
  0.0215902  -0.0550909    0.998248 -0.00650528
          0           0           0           1
T_world_lidar: 
   0.999763  0.00414329  -0.0213943 -0.00710336
 -0.0029574    0.998473   0.0551672   0.0127772
  0.0215902  -0.0550909    0.998248 -0.00650528
          0           0           0           1
v_world_imu:   0.00831906 -0.000648045  -0.00809712
frame_3
id: 3
stamp: 1772816629.772239208
T_odom_lidar: 
   0.999746  0.00367396  -0.0222484 -0.00674512
-0.00239759    0.998364   0.0571262   0.0124029
  0.0224219  -0.0570584    0.998119 -0.00598969
          0           0           0           1
T_world_lidar: 
   0.999746  0.00367396  -0.0222484 -0.00674512
-0.00239759    0.998364   0.0571262   0.0124029
  0.0224219  -0.0570584    0.998119 -0.00598969
          0           0           0           1
v_world_imu:  0.00422584 -0.00719722    0.011252
frame_4
id: 4
stamp: 1772816629.872016191
T_odom_lidar: 
   0.999758  0.00419459  -0.0216164 -0.00615543
-0.00296368    0.998389   0.0566642   0.0121591
  0.0218193  -0.0565864    0.998159 -0.00562124
          0           0           0           1
T_world_lidar: 
   0.999758  0.00419459  -0.0216164 -0.00615543
-0.00296368    0.998389   0.0566642   0.0121591
  0.0218193  -0.0565864    0.998159 -0.00562124
          0           0           0           1
v_world_imu:   0.00967162 -0.000660503 -0.000725347
frame_5
id: 5
stamp: 1772816629.972133875
T_odom_lidar: 
   0.999733  0.00425086  -0.0226993 -0.00637178
-0.00296175    0.998397   0.0565251    0.012093
  0.0229032  -0.0564428    0.998143 -0.00582966
          0           0           0           1
T_world_lidar: 
   0.999733  0.00425086  -0.0226993 -0.00637178
-0.00296175    0.998397   0.0565251    0.012093
  0.0229032  -0.0564428    0.998143 -0.00582966
          0           0           0           1
v_world_imu: -0.00126296 -0.00168542  0.00296357
frame_6
id: 6
stamp: 1772816630.072016716
T_odom_lidar: 
   0.999743   0.0040198  -0.0222967 -0.00603169
-0.00275588    0.998403   0.0564301   0.0121376
   0.022488  -0.0563541    0.998158 -0.00544888
          0           0           0           1
T_world_lidar: 
   0.999743   0.0040198  -0.0222967 -0.00603169
-0.00275588    0.998403   0.0564301   0.0121376
   0.022488  -0.0563541    0.998158 -0.00544888
          0           0           0           1
v_world_imu: 0.00826828 0.00176335 0.00354149
frame_7
id: 7
stamp: 1772816630.172269106
T_odom_lidar: 
   0.999753  0.00413872  -0.0218511 -0.00627238
-0.00290765    0.998422   0.0560733   0.0125787
  0.0220487  -0.0559959    0.998188 -0.00490279
          0           0           0           1
T_world_lidar: 
   0.999753  0.00413872  -0.0218511 -0.00627238
-0.00290765    0.998422   0.0560733   0.0125787
  0.0220487  -0.0559959    0.998188 -0.00490279
          0           0           0           1
v_world_imu: -0.00561853  0.00554612  0.00517602
frame_8
id: 8
stamp: 1772816630.272063017
T_odom_lidar: 
   0.999746  0.00413184  -0.0221567 -0.00652131
 -0.0028769    0.998406   0.0563752   0.0128627
  0.0223543  -0.0562971    0.998164 -0.00501114
          0           0           0           1
T_world_lidar: 
   0.999746  0.00413184  -0.0221567 -0.00652131
 -0.0028769    0.998406   0.0563752   0.0128627
  0.0223543  -0.0562971    0.998164 -0.00501114
          0           0           0           1
v_world_imu:  0.00364517  0.00106405 -0.00323159
frame_9
id: 9
stamp: 1772816630.372012854
T_odom_lidar: 
   0.999753  0.00423324  -0.0218258 -0.00627349
-0.00299861     0.99841   0.0562927    0.012878
  0.0220294  -0.0562133    0.998176 -0.00492862
          0           0           0           1
T_world_lidar: 
   0.999753  0.00423324  -0.0218258 -0.00627349
-0.00299861     0.99841   0.0562927    0.012878
  0.0220294  -0.0562133    0.998176 -0.00492862
          0           0           0           1
v_world_imu:   0.00228734 -0.000750557 -0.000913552
frame_10
id: 10
stamp: 1772816630.471921921
T_odom_lidar: 
   0.999743  0.00403021  -0.0222921 -0.00628024
-0.00276776    0.998406   0.0563758   0.0129491
  0.0224837  -0.0562997    0.998161 -0.00522263
          0           0           0           1
T_world_lidar: 
   0.999743  0.00403021  -0.0222921 -0.00628024
-0.00276776    0.998406   0.0563758   0.0129491
  0.0224837  -0.0562997    0.998161 -0.00522263
          0           0           0           1
v_world_imu: -0.000344249   -0.0045953  -0.00151878
frame_11
id: 11
stamp: 1772816630.572016716
T_odom_lidar: 
   0.999737  0.00415142  -0.0225452 -0.00617906
 -0.0028824    0.998425   0.0560312   0.0127659
  0.0227423  -0.0559515    0.998174 -0.00522701
          0           0           0           1
T_world_lidar: 
   0.999737  0.00415142  -0.0225452 -0.00617906
 -0.0028824    0.998425   0.0560312   0.0127659
  0.0227423  -0.0559515    0.998174 -0.00522701
          0           0           0           1
v_world_imu:  0.00532588 -0.00141206 -0.00162164
frame_12
id: 12
stamp: 1772816630.672017813
T_odom_lidar: 
   0.999746  0.00408798  -0.0221819 -0.00642031
-0.00283372    0.998411    0.056284    0.013001
  0.0223767  -0.0562068    0.998168 -0.00539735
          0           0           0           1
T_world_lidar: 
   0.999746  0.00408798  -0.0221819 -0.00642031
-0.00283372    0.998411    0.056284    0.013001
  0.0223767  -0.0562068    0.998168 -0.00539735
          0           0           0           1
v_world_imu: -0.00378558  0.00210439  0.00261931
frame_13
id: 13
stamp: 1772816630.771920204
T_odom_lidar: 
   0.999746  0.00410467  -0.0221679 -0.00656252
-0.00285434    0.998419   0.0561424   0.0130307
  0.0223633  -0.0560649    0.998177 -0.00547493
          0           0           0           1
T_world_lidar: 
   0.999746  0.00410467  -0.0221679 -0.00656252
-0.00285434    0.998419   0.0561424   0.0130307
  0.0223633  -0.0560649    0.998177 -0.00547493
          0           0           0           1
v_world_imu:  0.00754192 -0.00250147 -0.00309995
frame_14
id: 14
stamp: 1772816630.871990204
T_odom_lidar: 
   0.999745  0.00434598  -0.0221482 -0.00643062
-0.00309366    0.998411   0.0562664   0.0132308
  0.0223576  -0.0561836     0.99817 -0.00548242
          0           0           0           1
T_world_lidar: 
   0.999745  0.00434598  -0.0221482 -0.00643062
-0.00309366    0.998411   0.0562664   0.0132308
  0.0223576  -0.0561836     0.99817 -0.00548242
          0           0           0           1
v_world_imu: 0.000756147  0.00325037  0.00235121
frame_15
id: 15
stamp: 1772816630.972005367
T_odom_lidar: 
   0.999747  0.00445191  -0.0220598 -0.00605244
-0.00320982    0.998424   0.0560241   0.0133996
  0.0222745  -0.0559391    0.998186 -0.00534623
          0           0           0           1
T_world_lidar: 
   0.999747  0.00445191  -0.0220598 -0.00605244
-0.00320982    0.998424   0.0560241   0.0133996
  0.0222745  -0.0559391    0.998186 -0.00534623
          0           0           0           1
v_world_imu:   0.00659941 -4.12676e-05   0.00637529
frame_16
id: 16
stamp: 1772816631.071816683
T_odom_lidar: 
    0.99974  0.00418293  -0.0223945 -0.00618097
-0.00292263    0.998426   0.0560169   0.0130531
  0.0225936  -0.0559369    0.998179 -0.00446679
          0           0           0           1
T_world_lidar: 
    0.99974  0.00418293  -0.0223945 -0.00618097
-0.00292263    0.998426   0.0560169   0.0130531
  0.0225936  -0.0559369    0.998179 -0.00446679
          0           0           0           1
v_world_imu: -0.00394158  0.00110522   0.0044052
frame_17
id: 17
stamp: 1772816631.171720982
T_odom_lidar: 
   0.999742  0.00417623  -0.0223394 -0.00653835
-0.00291387    0.998413   0.0562454    0.013263
  0.0225388  -0.0561658    0.998167 -0.00453001
          0           0           0           1
T_world_lidar: 
   0.999742  0.00417623  -0.0223394 -0.00653835
-0.00291387    0.998413   0.0562454    0.013263
  0.0225388  -0.0561658    0.998167 -0.00453001
          0           0           0           1
v_world_imu: -0.00063191 -0.00228661 -0.00714908
frame_18
id: 18
stamp: 1772816631.271672726
T_odom_lidar: 
   0.999741  0.00425791  -0.0223716 -0.00641408
-0.00300654    0.998444   0.0556746   0.0130132
  0.0225739  -0.0555929    0.998198 -0.00475728
          0           0           0           1
T_world_lidar: 
   0.999741  0.00425791  -0.0223716 -0.00641408
-0.00300654    0.998444   0.0556746   0.0130132
  0.0225739  -0.0555929    0.998198 -0.00475728
          0           0           0           1
v_world_imu:  0.00328063  -0.0032062 -0.00281295
frame_19
id: 19
stamp: 1772816631.371562243
T_odom_lidar: 
   0.999748  0.00390034  -0.0220974 -0.00633688
-0.00264469    0.998395   0.0565706   0.0128389
  0.0222826  -0.0564979    0.998154 -0.00552042
          0           0           0           1
T_world_lidar: 
   0.999748  0.00390034  -0.0220974 -0.00633688
-0.00264469    0.998395   0.0565706   0.0128389
  0.0222826  -0.0564979    0.998154 -0.00552042
          0           0           0           1
v_world_imu:  0.00298894 -0.00381968 -0.00636043
frame_20
id: 20
stamp: 1772816631.471684456
T_odom_lidar: 
   0.999741  0.00438617  -0.0223296 -0.00620265
-0.00313012    0.998427   0.0559776   0.0125724
    0.02254  -0.0558932    0.998182 -0.00579011
          0           0           0           1
T_world_lidar: 
   0.999741  0.00438617  -0.0223296 -0.00620265
-0.00313012    0.998427   0.0559776   0.0125724
    0.02254  -0.0558932    0.998182 -0.00579011
          0           0           0           1
v_world_imu:  0.00673515 -0.00554522 -0.00343254
frame_21
id: 21
stamp: 1772816631.571620941
T_odom_lidar: 
   0.999738  0.00411459  -0.0225016 -0.00627473
-0.00284026    0.998406   0.0563744   0.0126548
  0.0226977  -0.0562958    0.998156 -0.00601734
          0           0           0           1
T_world_lidar: 
   0.999738  0.00411459  -0.0225016 -0.00627473
-0.00284026    0.998406   0.0563744   0.0126548
  0.0226977  -0.0562958    0.998156 -0.00601734
          0           0           0           1
v_world_imu: -0.00335533  0.00260696 0.000905411
frame_22
id: 22
stamp: 1772816631.671788454
T_odom_lidar: 
   0.999747  0.00435139  -0.0220769 -0.00628479
-0.00311078     0.99843   0.0559213   0.0130431
  0.0222855  -0.0558384    0.998191 -0.00581477
          0           0           0           1
T_world_lidar: 
   0.999747  0.00435139  -0.0220769 -0.00628479
-0.00311078     0.99843   0.0559213   0.0130431
  0.0222855  -0.0558384    0.998191 -0.00581477
          0           0           0           1
v_world_imu: 0.00696418 0.00201418 0.00529965
frame_23
id: 23
stamp: 1772816631.771737099
T_odom_lidar: 
    0.99974  0.00425664  -0.0223966 -0.00656298
-0.00298884    0.998407    0.056339   0.0129598
  0.0226008  -0.0562574     0.99816 -0.00504822
          0           0           0           1
T_world_lidar: 
    0.99974  0.00425664  -0.0223966 -0.00656298
-0.00298884    0.998407    0.056339   0.0129598
  0.0226008  -0.0562574     0.99816 -0.00504822
          0           0           0           1
v_world_imu:  -0.00465236 -0.000103879   0.00964523
frame_24
id: 24
stamp: 1772816631.871776342
T_odom_lidar: 
   0.999751  0.00433377  -0.0218753 -0.00661958
-0.00309147    0.998397   0.0565077   0.0130378
  0.0220851   -0.056426    0.998162 -0.00455232
          0           0           0           1
T_world_lidar: 
   0.999751  0.00433377  -0.0218753 -0.00661958
-0.00309147    0.998397   0.0565077   0.0130378
  0.0220851   -0.056426    0.998162 -0.00455232
          0           0           0           1
v_world_imu:  0.00542919 0.000517217  0.00036034
frame_25
id: 25
stamp: 1772816631.971833467
T_odom_lidar: 
   0.999748  0.00423974  -0.0220573  -0.0065064
-0.00299357    0.998414   0.0562261   0.0131875
  0.0222607  -0.0561459    0.998174 -0.00395937
          0           0           0           1
T_world_lidar: 
   0.999748  0.00423974  -0.0220573  -0.0065064
-0.00299357    0.998414   0.0562261   0.0131875
  0.0222607  -0.0561459    0.998174 -0.00395937
          0           0           0           1
v_world_imu: -0.00255958  0.00225694  0.00991659
frame_26
id: 26
stamp: 1772816632.071866274
T_odom_lidar: 
    0.99975  0.00415456  -0.0219731 -0.00647561
-0.00290123    0.998383    0.056767   0.0132493
  0.0221734   -0.056689    0.998146 -0.00407736
          0           0           0           1
T_world_lidar: 
    0.99975  0.00415456  -0.0219731 -0.00647561
-0.00290123    0.998383    0.056767   0.0132493
  0.0221734   -0.056689    0.998146 -0.00407736
          0           0           0           1
v_world_imu:  0.00466194 0.000470538 -0.00941694
frame_27
id: 27
stamp: 1772816632.171951771
T_odom_lidar: 
   0.999755  0.00460146   -0.021634 -0.00622673
-0.00337463    0.998402   0.0564067   0.0131984
   0.021859  -0.0563199    0.998173 -0.00441763
          0           0           0           1
T_world_lidar: 
   0.999755  0.00460146   -0.021634 -0.00622673
-0.00337463    0.998402   0.0564067   0.0131984
   0.021859  -0.0563199    0.998173 -0.00441763
          0           0           0           1
v_world_imu:   0.00239611  -0.00621842 -0.000814019
frame_28
id: 28
stamp: 1772816632.272019625
T_odom_lidar: 
    0.99975  0.00400154   -0.021997 -0.00614922
-0.00275865    0.998413   0.0562455   0.0129622
  0.0221871  -0.0561707    0.998175 -0.00524882
          0           0           0           1
T_world_lidar: 
    0.99975  0.00400154   -0.021997 -0.00614922
-0.00275865    0.998413   0.0562455   0.0129622
  0.0221871  -0.0561707    0.998175 -0.00524882
          0           0           0           1
v_world_imu: -0.000573884  -0.00412456  -0.00590943
frame_29
id: 29
stamp: 1772816632.372101784
T_odom_lidar: 
   0.999748  0.00429022  -0.0220439 -0.00624116
 -0.0030454    0.998415   0.0561968   0.0128321
    0.02225  -0.0561155    0.998176 -0.00545725
          0           0           0           1
T_world_lidar: 
   0.999748  0.00429022  -0.0220439 -0.00624116
 -0.0030454    0.998415   0.0561968   0.0128321
    0.02225  -0.0561155    0.998176 -0.00545725
          0           0           0           1
v_world_imu:  0.00577888 -0.00356722  0.00184402
frame_30
id: 30
stamp: 1772816632.471997023
T_odom_lidar: 
   0.999749  0.00413957  -0.0220217 -0.00638022
-0.00288954    0.998399   0.0564956   0.0127087
  0.0222203  -0.0564178     0.99816 -0.00477594
          0           0           0           1
T_world_lidar: 
   0.999749  0.00413957  -0.0220217 -0.00638022
-0.00288954    0.998399   0.0564956   0.0127087
  0.0222203  -0.0564178     0.99816 -0.00477594
          0           0           0           1
v_world_imu: -0.00538935  0.00109392   0.0159285
frame_31
id: 31
stamp: 1772816632.571969748
T_odom_lidar: 
   0.999764  0.00410858  -0.0213093 -0.00650717
-0.00288732    0.998368   0.0570288   0.0126838
  0.0215088  -0.0569538    0.998145 -0.00418194
          0           0           0           1
T_world_lidar: 
   0.999764  0.00410858  -0.0213093 -0.00650717
-0.00288732    0.998368   0.0570288   0.0126838
  0.0215088  -0.0569538    0.998145 -0.00418194
          0           0           0           1
v_world_imu:   0.00651567 -0.000979498   0.00190044
frame_32
id: 32
stamp: 1772816632.671988964
T_odom_lidar: 
   0.999757  0.00442393  -0.0215736 -0.00638716
-0.00320115    0.998404   0.0563879   0.0128262
  0.0217887  -0.0563051    0.998176 -0.00402007
          0           0           0           1
T_world_lidar: 
   0.999757  0.00442393  -0.0215736 -0.00638716
-0.00320115    0.998404   0.0563879   0.0128262
  0.0217887  -0.0563051    0.998176 -0.00402007
          0           0           0           1
v_world_imu: -0.00577873  0.00412387  0.00816281
frame_33
id: 33
stamp: 1772816632.771990299
T_odom_lidar: 
   0.999744  0.00416615  -0.0222312 -0.00682124
-0.00289629    0.998379   0.0568499   0.0129493
   0.022432   -0.056771    0.998135 -0.00389186
          0           0           0           1
T_world_lidar: 
   0.999744  0.00416615  -0.0222312 -0.00682124
-0.00289629    0.998379   0.0568499   0.0129493
   0.022432   -0.056771    0.998135 -0.00389186
          0           0           0           1
v_world_imu:  0.00203153 0.000538909 -0.00721305
frame_34
id: 34
stamp: 1772816632.872061491
T_odom_lidar: 
   0.999755  0.00412552   -0.021724 -0.00663145
-0.00290123    0.998422   0.0560893   0.0126562
  0.0219211  -0.0560126    0.998189 -0.00413553
          0           0           0           1
T_world_lidar: 
   0.999755  0.00412552   -0.021724 -0.00663145
-0.00290123    0.998422   0.0560893   0.0126562
  0.0219211  -0.0560126    0.998189 -0.00413553
          0           0           0           1
v_world_imu:  0.00117344 -0.00335111 -0.00266416
frame_35
id: 35
stamp: 1772816632.971904039
T_odom_lidar: 
   0.999724  0.00397124  -0.0231574 -0.00631335
-0.00266605     0.99842   0.0561226   0.0126875
  0.0233437  -0.0560454    0.998155 -0.00515816
          0           0           0           1
T_world_lidar: 
   0.999724  0.00397124  -0.0231574 -0.00631335
-0.00266605     0.99842   0.0561226   0.0126875
  0.0233437  -0.0560454    0.998155 -0.00515816
          0           0           0           1
v_world_imu:  0.00294137 -0.00374333 -0.00499245
frame_36
id: 36
stamp: 1772816633.071885347
T_odom_lidar: 
   0.999748  0.00432034  -0.0220499 -0.00615808
 -0.0030768    0.998419   0.0561223   0.0123374
  0.0222575  -0.0560403     0.99818 -0.00491679
          0           0           0           1
T_world_lidar: 
   0.999748  0.00432034  -0.0220499 -0.00615808
 -0.0030768    0.998419   0.0561223   0.0123374
  0.0222575  -0.0560403     0.99818 -0.00491679
          0           0           0           1
v_world_imu:  0.00552829 -0.00947599  0.00549175
frame_37
id: 37
stamp: 1772816633.171885014
T_odom_lidar: 
   0.999746  0.00415526  -0.0221501 -0.00629673
-0.00289782    0.998398   0.0565016   0.0119187
  0.0223494  -0.0564231    0.998157 -0.00466209
          0           0           0           1
T_world_lidar: 
   0.999746  0.00415526  -0.0221501 -0.00629673
-0.00289782    0.998398   0.0565016   0.0119187
  0.0223494  -0.0564231    0.998157 -0.00466209
          0           0           0           1
v_world_imu:  -0.00529474 -0.000881504    0.0046505
frame_38
id: 38
stamp: 1772816633.272006035
T_odom_lidar: 
   0.999738  0.00410878   -0.022536 -0.00643583
 -0.0028374    0.998418   0.0561602   0.0118322
  0.0227311  -0.0560815    0.998167  -0.0047961
          0           0           0           1
T_world_lidar: 
   0.999738  0.00410878   -0.022536 -0.00643583
 -0.0028374    0.998418   0.0561602   0.0118322
  0.0227311  -0.0560815    0.998167  -0.0047961
          0           0           0           1
v_world_imu:   0.00677685  -0.00487802 -0.000240217
frame_39
id: 39
stamp: 1772816633.372141123
T_odom_lidar: 
   0.999748  0.00431673  -0.0220265 -0.00650342
-0.00306549    0.998396   0.0565271   0.0117494
  0.0222352  -0.0564453    0.998158 -0.00511097
          0           0           0           1
T_world_lidar: 
   0.999748  0.00431673  -0.0220265 -0.00650342
-0.00306549    0.998396   0.0565271   0.0117494
  0.0222352  -0.0564453    0.998158 -0.00511097
          0           0           0           1
v_world_imu: -0.00378004  0.00319292  0.00359802
frame_40
id: 40
stamp: 1772816633.472064257
T_odom_lidar: 
   0.999744  0.00404397  -0.0222818  -0.0067771
-0.00278202    0.998406   0.0563784   0.0122553
  0.0224743   -0.056302    0.998161 -0.00455427
          0           0           0           1
T_world_lidar: 
   0.999744  0.00404397  -0.0222818  -0.0067771
-0.00278202    0.998406   0.0563784   0.0122553
  0.0224743   -0.056302    0.998161 -0.00455427
          0           0           0           1
v_world_imu: 0.00381381 0.00413164 0.00386147
frame_41
id: 41
stamp: 1772816633.572041512
T_odom_lidar: 
   0.999755  0.00434463  -0.0217023 -0.00663257
-0.00311808    0.998413   0.0562346   0.0123311
  0.0219122  -0.0561531    0.998182 -0.00456103
          0           0           0           1
T_world_lidar: 
   0.999755  0.00434463  -0.0217023 -0.00663257
-0.00311808    0.998413   0.0562346   0.0123311
  0.0219122  -0.0561531    0.998182 -0.00456103
          0           0           0           1
v_world_imu: 0.000606716   0.0045022  0.00299176
frame_42
id: 42
stamp: 1772816633.672093391
T_odom_lidar: 
   0.999753  0.00381359  -0.0218832 -0.00657665
-0.00257368    0.998404   0.0564114   0.0128452
  0.0220635  -0.0563412    0.998168    -0.00448
          0           0           0           1
T_world_lidar: 
   0.999753  0.00381359  -0.0218832 -0.00657665
-0.00257368    0.998404   0.0564114   0.0128452
  0.0220635  -0.0563412    0.998168    -0.00448
          0           0           0           1
v_world_imu:   0.00308228 -0.000479164  -0.00443217
frame_43
id: 43
stamp: 1772816633.771958590
T_odom_lidar: 
    0.99975  0.00434477   -0.021938 -0.00668107
-0.00310319    0.998408   0.0563148   0.0124603
  0.0221478  -0.0562326    0.998172   -0.004226
          0           0           0           1
T_world_lidar: 
    0.99975  0.00434477   -0.021938 -0.00668107
-0.00310319    0.998408   0.0563148   0.0124603
  0.0221478  -0.0562326    0.998172   -0.004226
          0           0           0           1
v_world_imu: -0.00135725 -0.00349115   0.0059232
frame_44
id: 44
stamp: 1772816633.872098684
T_odom_lidar: 
   0.999758  0.00372915  -0.0216885 -0.00678458
-0.00249566    0.998392   0.0566244   0.0125896
  0.0218648  -0.0565565     0.99816 -0.00420632
          0           0           0           1
T_world_lidar: 
   0.999758  0.00372915  -0.0216885 -0.00678458
-0.00249566    0.998392   0.0566244   0.0125896
  0.0218648  -0.0565565     0.99816 -0.00420632
          0           0           0           1
v_world_imu: -0.00137192  0.00155005 -0.00056346
frame_45
id: 45
stamp: 1772816633.972076893
T_odom_lidar: 
   0.999762  0.00436146  -0.0213912 -0.00664613
-0.00314223    0.998386   0.0567027   0.0125326
   0.021604  -0.0566219    0.998162 -0.00451342
          0           0           0           1
T_world_lidar: 
   0.999762  0.00436146  -0.0213912 -0.00664613
-0.00314223    0.998386   0.0567027   0.0125326
   0.021604  -0.0566219    0.998162 -0.00451342
          0           0           0           1
v_world_imu:  0.00833912 -0.00654365 -0.00120373
frame_46
id: 46
stamp: 1772816634.072021008
T_odom_lidar: 
   0.999756  0.00433535   -0.021674 -0.00629662
-0.00311049    0.998413   0.0562302   0.0126987
  0.0218834   -0.056149    0.998183 -0.00535773
          0           0           0           1
T_world_lidar: 
   0.999756  0.00433535   -0.021674 -0.00629662
-0.00311049    0.998413   0.0562302   0.0126987
  0.0218834   -0.056149    0.998183 -0.00535773
          0           0           0           1
v_world_imu: -0.000139323   0.00311084  -0.00344007
frame_47
id: 47
stamp: 1772816634.172007084
T_odom_lidar: 
   0.999762  0.00435391  -0.0213819 -0.00682543
-0.00312806    0.998367   0.0570338    0.013042
  0.0215953  -0.0569533    0.998143 -0.00490245
          0           0           0           1
T_world_lidar: 
   0.999762  0.00435391  -0.0213819 -0.00682543
-0.00312806    0.998367   0.0570338    0.013042
  0.0215953  -0.0569533    0.998143 -0.00490245
          0           0           0           1
v_world_imu: -0.000878315  -0.00109772   0.00922271
frame_48
id: 48
stamp: 1772816634.271987200
T_odom_lidar: 
    0.99975  0.00439761  -0.0219224 -0.00721093
-0.00316278    0.998423    0.056047   0.0127405
  0.0221343  -0.0559637    0.998187  -0.0047017
          0           0           0           1
T_world_lidar: 
    0.99975  0.00439761  -0.0219224 -0.00721093
-0.00316278    0.998423    0.056047   0.0127405
  0.0221343  -0.0559637    0.998187  -0.0047017
          0           0           0           1
v_world_imu:  -0.00550369 -0.000891776   0.00225829
frame_49
id: 49
stamp: 1772816634.372014523
T_odom_lidar: 
   0.999748  0.00395572  -0.0220899 -0.00762473
-0.00271143    0.998423   0.0560769   0.0128693
  0.0222769  -0.0560029    0.998182 -0.00451859
          0           0           0           1
T_world_lidar: 
   0.999748  0.00395572  -0.0220899 -0.00762473
-0.00271143    0.998423   0.0560769   0.0128693
  0.0222769  -0.0560029    0.998182 -0.00451859
          0           0           0           1
v_world_imu:  0.00589124 -0.00172555 -0.00539283
frame_50
id: 50
stamp: 1772816634.471983910
T_odom_lidar: 
   0.999746  0.00440379  -0.0220837 -0.00746105
-0.00315892    0.998421   0.0560917   0.0125857
  0.0222959  -0.0560077    0.998181 -0.00445001
          0           0           0           1
T_world_lidar: 
   0.999746  0.00440379  -0.0220837 -0.00746105
-0.00315892    0.998421   0.0560917   0.0125857
  0.0222959  -0.0560077    0.998181 -0.00445001
          0           0           0           1
v_world_imu:  -0.0027767 -0.00335002  0.00428189
frame_51
id: 51
stamp: 1772816634.571963787
T_odom_lidar: 
    0.99975  0.00415921  -0.0219861 -0.00711805
-0.00290252    0.998377   0.0568846   0.0125114
   0.022187  -0.0568065    0.998139 -0.00474076
          0           0           0           1
T_world_lidar: 
    0.99975  0.00415921  -0.0219861 -0.00711805
-0.00290252    0.998377   0.0568846   0.0125114
   0.022187  -0.0568065    0.998139 -0.00474076
          0           0           0           1
v_world_imu:   0.00723687 -0.000989951  -0.00503114
frame_52
id: 52
stamp: 1772816634.671970844
T_odom_lidar: 
   0.999756  0.00463475  -0.0215807 -0.00659893
-0.00341415    0.998411   0.0562565   0.0122229
  0.0218072  -0.0561692    0.998183  -0.0043132
          0           0           0           1
T_world_lidar: 
   0.999756  0.00463475  -0.0215807 -0.00659893
-0.00341415    0.998411   0.0562565   0.0122229
  0.0218072  -0.0561692    0.998183  -0.0043132
          0           0           0           1
v_world_imu:    0.008504 -0.00661884  0.00675879
frame_53
id: 53
stamp: 1772816634.771922827
T_odom_lidar: 
   0.999769  0.00413477  -0.0211061 -0.00631135
-0.00292861    0.998378   0.0568617     0.01219
  0.0213069  -0.0567868    0.998159 -0.00462243
          0           0           0           1
T_world_lidar: 
   0.999769  0.00413477  -0.0211061 -0.00631135
-0.00292861    0.998378   0.0568617     0.01219
  0.0213069  -0.0567868    0.998159 -0.00462243
          0           0           0           1
v_world_imu: -0.00278238  0.00091382 -0.00350119
frame_54
id: 54
stamp: 1772816634.872093439
T_odom_lidar: 
   0.999755   0.0043011  -0.0217077 -0.00639698
-0.00306425    0.998387   0.0566921   0.0122155
  0.0219165  -0.0566117    0.998156 -0.00466603
          0           0           0           1
T_world_lidar: 
   0.999755   0.0043011  -0.0217077 -0.00639698
-0.00306425    0.998387   0.0566921   0.0122155
  0.0219165  -0.0566117    0.998156 -0.00466603
          0           0           0           1
v_world_imu:  0.00755763 -0.00569531  0.00284524
frame_55
id: 55
stamp: 1772816634.972075701
T_odom_lidar: 
   0.999758  0.00467819  -0.0214839 -0.00618618
-0.00344585    0.998366    0.057044   0.0119058
  0.0217157  -0.0569562     0.99814 -0.00472399
          0           0           0           1
T_world_lidar: 
   0.999758  0.00467819  -0.0214839 -0.00618618
-0.00344585    0.998366    0.057044   0.0119058
  0.0217157  -0.0569562     0.99814 -0.00472399
          0           0           0           1
v_world_imu: 0.000457529  0.00266655 0.000511418
frame_56
id: 56
stamp: 1772816635.071964025
T_odom_lidar: 
   0.999755  0.00429068  -0.0217122 -0.00618746
-0.00305838    0.998399    0.056474    0.012345
  0.0219198  -0.0563938    0.998168 -0.00530781
          0           0           0           1
T_world_lidar: 
   0.999755  0.00429068  -0.0217122 -0.00618746
-0.00305838    0.998399    0.056474    0.012345
  0.0219198  -0.0563938    0.998168 -0.00530781
          0           0           0           1
v_world_imu:  0.00586882  0.00110271 -0.00815256
frame_57
id: 57
stamp: 1772816635.172074080
T_odom_lidar: 
   0.999749   0.0045565  -0.0219543  -0.0058853
-0.00331359    0.998407   0.0563208   0.0123099
   0.022176  -0.0562339    0.998171 -0.00573956
          0           0           0           1
T_world_lidar: 
   0.999749   0.0045565  -0.0219543  -0.0058853
-0.00331359    0.998407   0.0563208   0.0123099
   0.022176  -0.0562339    0.998171 -0.00573956
          0           0           0           1
v_world_imu:  0.00105833  0.00239453 -0.00222792
frame_58
id: 58
stamp: 1772816635.271848679
T_odom_lidar: 
   0.999734  0.00413555  -0.0226795 -0.00581538
 -0.0028482    0.998398   0.0565038   0.0126322
  0.0228769  -0.0564242    0.998145 -0.00571005
          0           0           0           1
T_world_lidar: 
   0.999734  0.00413555  -0.0226795 -0.00581538
 -0.0028482    0.998398   0.0565038   0.0126322
  0.0228769  -0.0564242    0.998145 -0.00571005
          0           0           0           1
v_world_imu: 0.00365717 0.00266662 0.00160478
frame_59
id: 59
stamp: 1772816635.371928930
T_odom_lidar: 
    0.99975  0.00435192  -0.0219168 -0.00603554
-0.00311856    0.998426    0.055998   0.0122606
   0.022126  -0.0559157     0.99819 -0.00528245
          0           0           0           1
T_world_lidar: 
    0.99975  0.00435192  -0.0219168 -0.00603554
-0.00311856    0.998426    0.055998   0.0122606
   0.022126  -0.0559157     0.99819 -0.00528245
          0           0           0           1
v_world_imu: -0.00424836 -0.00700391  0.00954605
frame_60
id: 60
stamp: 1772816635.471873045
T_odom_lidar: 
   0.999749  0.00394192  -0.0220352 -0.00646524
-0.00269404    0.998406   0.0563765   0.0124566
  0.0222223   -0.056303    0.998166 -0.00469294
          0           0           0           1
T_world_lidar: 
   0.999749  0.00394192  -0.0220352 -0.00646524
-0.00269404    0.998406   0.0563765   0.0124566
  0.0222223   -0.056303    0.998166 -0.00469294
          0           0           0           1
v_world_imu: -0.00405479  0.00179528    0.002027
frame_61
id: 61
stamp: 1772816635.571807623
T_odom_lidar: 
   0.999753  0.00431614   -0.021781 -0.00638457
-0.00308119    0.998403   0.0564169   0.0122913
  0.0219897  -0.0563358     0.99817 -0.00474417
          0           0           0           1
T_world_lidar: 
   0.999753  0.00431614   -0.021781 -0.00638457
-0.00308119    0.998403   0.0564169   0.0122913
  0.0219897  -0.0563358     0.99817 -0.00474417
          0           0           0           1
v_world_imu:  0.00860377 -0.00755653 -0.00483586
frame_62
id: 62
stamp: 1772816635.671830654
T_odom_lidar: 
    0.99974  0.00435285  -0.0223692 -0.00585563
-0.00308415    0.998401    0.056441   0.0122897
  0.0225792  -0.0563574    0.998155 -0.00574917
          0           0           0           1
T_world_lidar: 
    0.99974  0.00435285  -0.0223692 -0.00585563
-0.00308415    0.998401    0.056441   0.0122897
  0.0225792  -0.0563574    0.998155 -0.00574917
          0           0           0           1
v_world_imu: 0.00408709 0.00364172 -0.0027672
frame_63
id: 63
stamp: 1772816635.771775007
T_odom_lidar: 
   0.999738  0.00438394  -0.0224574 -0.00552325
-0.00310717    0.998393   0.0565756   0.0125598
  0.0226694   -0.056491    0.998146 -0.00541318
          0           0           0           1
T_world_lidar: 
   0.999738  0.00438394  -0.0224574 -0.00552325
-0.00310717    0.998393   0.0565756   0.0125598
  0.0226694   -0.056491    0.998146 -0.00541318
          0           0           0           1
v_world_imu: 0.00591163 -0.0032632 0.00424605
frame_64
id: 64
stamp: 1772816635.871843100
T_odom_lidar: 
   0.999754  0.00465808  -0.0216705 -0.00559983
-0.00342879    0.998401   0.0564217   0.0124144
  0.0218987  -0.0563336    0.998172  -0.0052104
          0           0           0           1
T_world_lidar: 
   0.999754  0.00465808  -0.0216705 -0.00559983
-0.00342879    0.998401   0.0564217   0.0124144
  0.0218987  -0.0563336    0.998172  -0.0052104
          0           0           0           1
v_world_imu: -0.00507176  0.00509751  0.00152004
frame_65
id: 65
stamp: 1772816635.972098589
T_odom_lidar: 
   0.999751  0.00426127  -0.0219112 -0.00605093
-0.00301573    0.998394   0.0565669   0.0129845
  0.0221171  -0.0564867    0.998158 -0.00488529
          0           0           0           1
T_world_lidar: 
   0.999751  0.00426127  -0.0219112 -0.00605093
-0.00301573    0.998394   0.0565669   0.0129845
  0.0221171  -0.0564867    0.998158 -0.00488529
          0           0           0           1
v_world_imu:  0.00456408  0.00404249 0.000116976
frame_66
id: 66
stamp: 1772816636.071946621
T_odom_lidar: 
   0.999738  0.00451233  -0.0224603 -0.00565765
-0.00324321    0.998413   0.0562242   0.0126867
  0.0226784  -0.0561366    0.998166 -0.00499266
          0           0           0           1
T_world_lidar: 
   0.999738  0.00451233  -0.0224603 -0.00565765
-0.00324321    0.998413   0.0562242   0.0126867
  0.0226784  -0.0561366    0.998166 -0.00499266
          0           0           0           1
v_world_imu: -0.00147656  -0.0026137  0.00189597
frame_67
id: 67
stamp: 1772816636.171921253
T_odom_lidar: 
   0.999742  0.00414832  -0.0223496 -0.00598288
 -0.0028807    0.998401   0.0564543   0.0128764
  0.0225481  -0.0563753    0.998155 -0.00454619
          0           0           0           1
T_world_lidar: 
   0.999742  0.00414832  -0.0223496 -0.00598288
 -0.0028807    0.998401   0.0564543   0.0128764
  0.0225481  -0.0563753    0.998155 -0.00454619
          0           0           0           1
v_world_imu: -9.62289e-05    0.0037764 -6.56274e-05
frame_68
id: 68
stamp: 1772816636.271976948
T_odom_lidar: 
   0.999739  0.00425847  -0.0224507 -0.00616844
-0.00299052    0.998414   0.0562108   0.0128121
  0.0226545   -0.056129    0.998166  -0.0047674
          0           0           0           1
T_world_lidar: 
   0.999739  0.00425847  -0.0224507 -0.00616844
-0.00299052    0.998414   0.0562108   0.0128121
  0.0226545   -0.056129    0.998166  -0.0047674
          0           0           0           1
v_world_imu: -0.00172874 -0.00825342 0.000331385
frame_69
id: 69
stamp: 1772816636.372102022
T_odom_lidar: 
   0.999747  0.00416163  -0.0220934 -0.00624132
-0.00290457    0.998391   0.0566277   0.0125156
  0.0222935  -0.0565492    0.998151 -0.00523177
          0           0           0           1
T_world_lidar: 
   0.999747  0.00416163  -0.0220934 -0.00624132
-0.00290457    0.998391   0.0566277   0.0125156
  0.0222935  -0.0565492    0.998151 -0.00523177
          0           0           0           1
v_world_imu: -0.00151306  0.00368945 -0.00443631
frame_70
id: 70
stamp: 1772816636.472055197
T_odom_lidar: 
   0.999746  0.00425439  -0.0221538 -0.00656396
-0.00299389    0.998391   0.0566229   0.0128423
  0.0223591  -0.0565422     0.99815 -0.00515322
          0           0           0           1
T_world_lidar: 
   0.999746  0.00425439  -0.0221538 -0.00656396
-0.00299389    0.998391   0.0566229   0.0128423
  0.0223591  -0.0565422     0.99815 -0.00515322
          0           0           0           1
v_world_imu:  0.00360247 -0.00651435  0.00213647
frame_71
id: 71
stamp: 1772816636.572066069
T_odom_lidar: 
   0.999753  0.00399273  -0.0218544 -0.00648609
 -0.0027544    0.998404   0.0564026   0.0122225
  0.0220447  -0.0563285    0.998169 -0.00545526
          0           0           0           1
T_world_lidar: 
   0.999753  0.00399273  -0.0218544 -0.00648609
 -0.0027544    0.998404   0.0564026   0.0122225
  0.0220447  -0.0563285    0.998169 -0.00545526
          0           0           0           1
v_world_imu:  0.000726454 -0.000855336  -0.00384042
frame_72
id: 72
stamp: 1772816636.672116518
T_odom_lidar: 
   0.999749  0.00426139  -0.0220097 -0.00661601
-0.00301338    0.998402   0.0564275   0.0125714
   0.022215   -0.056347    0.998164 -0.00538767
          0           0           0           1
T_world_lidar: 
   0.999749  0.00426139  -0.0220097 -0.00661601
-0.00301338    0.998402   0.0564275   0.0125714
   0.022215   -0.056347    0.998164 -0.00538767
          0           0           0           1
v_world_imu:  0.00504566 0.000175539  0.00289549
frame_73
id: 73
stamp: 1772816636.771997690
T_odom_lidar: 
    0.99975  0.00428192  -0.0219239 -0.00624694
-0.00304425    0.998416   0.0561786   0.0119449
  0.0221297  -0.0560978     0.99818 -0.00523263
          0           0           0           1
T_world_lidar: 
    0.99975  0.00428192  -0.0219239 -0.00624694
-0.00304425    0.998416   0.0561786   0.0119449
  0.0221297  -0.0560978     0.99818 -0.00523263
          0           0           0           1
v_world_imu:  0.00129791 -0.00361101   0.0038044
frame_74
id: 74
stamp: 1772816636.872016668
T_odom_lidar: 
   0.999746  0.00418407  -0.0221598 -0.00621557
 -0.0029291    0.998406   0.0563651   0.0123478
  0.0223603  -0.0562859    0.998164 -0.00517848
          0           0           0           1
T_world_lidar: 
   0.999746  0.00418407  -0.0221598 -0.00621557
 -0.0029291    0.998406   0.0563651   0.0123478
  0.0223603  -0.0562859    0.998164 -0.00517848
          0           0           0           1
v_world_imu:   0.00168959   0.00470007 -0.000937581
frame_75
id: 75
stamp: 1772816636.972026348
T_odom_lidar: 
   0.999746  0.00384755  -0.0221905 -0.00638434
-0.00259478    0.998416   0.0562099   0.0124849
  0.0223716  -0.0561381    0.998172 -0.00486055
          0           0           0           1
T_world_lidar: 
   0.999746  0.00384755  -0.0221905 -0.00638434
-0.00259478    0.998416   0.0562099   0.0124849
  0.0223716  -0.0561381    0.998172 -0.00486055
          0           0           0           1
v_world_imu: -0.00183549 -0.00384045  0.00786289
frame_76
id: 76
stamp: 1772816637.071868658
T_odom_lidar: 
   0.999756  0.00426318  -0.0216597 -0.00658238
-0.00303559    0.998404   0.0563963   0.0125202
  0.0218655  -0.0563168    0.998173 -0.00427433
          0           0           0           1
T_world_lidar: 
   0.999756  0.00426318  -0.0216597 -0.00658238
-0.00303559    0.998404   0.0563963   0.0125202
  0.0218655  -0.0563168    0.998173 -0.00427433
          0           0           0           1
