id: 2
T_world_origin: 
  0.246718  -0.967938  0.0471863    11.1996
  0.968344   0.248144  0.0271095    9.34599
-0.0379493  0.0390042   0.998518   0.218596
         0          0          0          1
T_origin_endpoint_L: 
 -0.0760147    0.992426  -0.0965011     -12.702
   -0.99698  -0.0771929 -0.00852951     1.06895
 -0.0159141   0.0955613    0.995296   -0.664379
          0           0           0           1
T_origin_endpoint_R: 
 -0.199898  -0.979169 -0.0356234    1.44892
  0.975625  -0.202271  0.0851076    11.6797
-0.0905403 -0.0177423   0.995735  -0.495555
         0          0          0          1
T_lidar_imu: 
     1      0      0  0.006
     0      1      0 -0.012
     0      0      1  0.008
     0      0      0      1
imu_bias:   0.0276042   0.0037588  -0.0464617 -0.00306504 -0.00261005 -0.00431123
frame_id: 2
num_frames: 617
frame_0
id: 3235
stamp: 1773413891.397539854
T_odom_lidar: 
  0.946415   0.321853  0.0266218    6.98916
 -0.319696   0.945361 -0.0639225   -2.69292
-0.0457409  0.0519864     0.9976   0.225527
         0          0          0          1
T_world_lidar: 
  0.946415   0.321853  0.0266218    6.98916
 -0.319696   0.945361 -0.0639225   -2.69292
-0.0457409  0.0519864     0.9976   0.225527
         0          0          0          1
v_world_imu:   0.975367  -0.333072 -0.0012441
frame_1
id: 3236
stamp: 1773413891.499023676
T_odom_lidar: 
  0.943548   0.329305  0.0357026    7.09803
 -0.328694    0.94418 -0.0219953   -2.71833
-0.0409528 0.00901845    0.99912   0.216916
         0          0          0          1
T_world_lidar: 
  0.943548   0.329305  0.0357026    7.09803
 -0.328694    0.94418 -0.0219953   -2.71833
-0.0409528 0.00901845    0.99912   0.216916
         0          0          0          1
v_world_imu:    1.0999 -0.246851  -0.17622
frame_2
id: 3237
stamp: 1773413891.599299669
T_odom_lidar: 
  0.943302   0.330413  0.0317707    7.20975
 -0.329706   0.943738 -0.0255255   -2.75137
-0.0384172  0.0136033   0.999169   0.190116
         0          0          0          1
T_world_lidar: 
  0.943302   0.330413  0.0317707    7.20975
 -0.329706   0.943738 -0.0255255   -2.75137
-0.0384172  0.0136033   0.999169   0.190116
         0          0          0          1
v_world_imu:    1.1158 -0.379907 -0.231213
frame_3
id: 3238
stamp: 1773413891.699202061
T_odom_lidar: 
  0.950752   0.305323  0.0533709    7.30531
 -0.304612   0.952241 -0.0211804    -2.7734
-0.0572888 0.00387987    0.99835   0.192138
         0          0          0          1
T_world_lidar: 
  0.950752   0.305323  0.0533709    7.30531
 -0.304612   0.952241 -0.0211804    -2.7734
-0.0572888 0.00387987    0.99835   0.192138
         0          0          0          1
v_world_imu:  0.913774 -0.158207 0.0250268
frame_4
id: 3239
stamp: 1773413891.799083233
T_odom_lidar: 
    0.946042      0.30596     0.106739      7.38368
   -0.304121     0.952044   -0.0335032      -2.7893
   -0.111871 -0.000766023     0.993722     0.184428
           0            0            0            1
T_world_lidar: 
    0.946042      0.30596     0.106739      7.38368
   -0.304121     0.952044   -0.0335032      -2.7893
   -0.111871 -0.000766023     0.993722     0.184428
           0            0            0            1
v_world_imu:   0.568181 -0.0972586   0.014772
frame_5
id: 3240
stamp: 1773413891.898832083
T_odom_lidar: 
  0.942434   0.321367  0.0924148    7.41779
 -0.318596   0.946882 -0.0437211   -2.79647
 -0.101556  0.0117612    0.99476   0.190825
         0          0          0          1
T_world_lidar: 
  0.942434   0.321367  0.0924148    7.41779
 -0.318596   0.946882 -0.0437211   -2.79647
 -0.101556  0.0117612    0.99476   0.190825
         0          0          0          1
v_world_imu:   0.163046 -0.0684951  0.0338783
frame_6
id: 3241
stamp: 1773413891.998213530
T_odom_lidar: 
  0.942684   0.320663  0.0923198    7.42216
 -0.316661   0.946911 -0.0555502   -2.80344
 -0.105232  0.0231322   0.994179   0.190802
         0          0          0          1
T_world_lidar: 
  0.942684   0.320663  0.0923198    7.42216
 -0.316661   0.946911 -0.0555502   -2.80344
 -0.105232  0.0231322   0.994179   0.190802
         0          0          0          1
v_world_imu: -0.0329744 -0.0624196 0.00557773
frame_7
id: 3242
stamp: 1773413892.097758293
T_odom_lidar: 
  0.941845     0.3244  0.0877061    7.41902
 -0.321336   0.945776 -0.0474491    -2.8051
-0.0983428  0.0165066   0.995016   0.190509
         0          0          0          1
T_world_lidar: 
  0.941845     0.3244  0.0877061    7.41902
 -0.321336   0.945776 -0.0474491    -2.8051
-0.0983428  0.0165066   0.995016   0.190509
         0          0          0          1
v_world_imu: -0.0358358  0.0132484 -0.0334713
frame_8
id: 3243
stamp: 1773413892.197072029
T_odom_lidar: 
  0.943228   0.322155  0.0808572    7.41888
 -0.320585   0.946677 -0.0320641   -2.80433
-0.0868753 0.00432216    0.99621   0.188964
         0          0          0          1
T_world_lidar: 
  0.943228   0.322155  0.0808572    7.41888
 -0.320585   0.946677 -0.0320641   -2.80433
-0.0868753 0.00432216    0.99621   0.188964
         0          0          0          1
v_world_imu:  0.0811889 -0.0111986  0.0403798
frame_9
id: 3244
stamp: 1773413892.296537638
T_odom_lidar: 
   0.943365    0.320372    0.086161     7.43806
  -0.320877    0.947085 -0.00830917    -2.80693
 -0.0842637  -0.0198084    0.996247    0.192304
          0           0           0           1
T_world_lidar: 
   0.943365    0.320372    0.086161     7.43806
  -0.320877    0.947085 -0.00830917    -2.80693
 -0.0842637  -0.0198084    0.996247    0.192304
          0           0           0           1
v_world_imu:    0.305394 -0.00641486  -0.0127406
frame_10
id: 3245
stamp: 1773413892.396195173
T_odom_lidar: 
  0.940971   0.325103  0.0942439    7.47515
 -0.328275   0.944371  0.0199453    -2.8117
 -0.082517 -0.0497059   0.995349   0.188507
         0          0          0          1
T_world_lidar: 
  0.940971   0.325103  0.0942439    7.47515
 -0.328275   0.944371  0.0199453    -2.8117
 -0.082517 -0.0497059   0.995349   0.188507
         0          0          0          1
v_world_imu:   0.464968 -0.0780761 -0.0574738
frame_11
id: 3246
stamp: 1773413892.496001482
T_odom_lidar: 
  0.939006   0.326756   0.107232    7.52231
 -0.329634   0.944058 0.00981249   -2.82443
-0.0980265 -0.0445612   0.994186   0.183503
         0          0          0          1
T_world_lidar: 
  0.939006   0.326756   0.107232    7.52231
 -0.329634   0.944058 0.00981249   -2.82443
-0.0980265 -0.0445612   0.994186   0.183503
         0          0          0          1
v_world_imu:   0.44054 -0.189186 -0.129754
frame_12
id: 3247
stamp: 1773413892.595954418
T_odom_lidar: 
  0.938605   0.330892  0.0976311    7.56008
 -0.333867   0.942494  0.0154175   -2.83977
-0.0869152 -0.0470668   0.995103   0.174687
         0          0          0          1
T_world_lidar: 
  0.938605   0.330892  0.0976311    7.56008
 -0.333867   0.942494  0.0154175   -2.83977
-0.0869152 -0.0470668   0.995103   0.174687
         0          0          0          1
v_world_imu:   0.337164  -0.115197 -0.0736397
frame_13
id: 3248
stamp: 1773413892.695806265
T_odom_lidar: 
   0.944672    0.318993   0.0764135     7.59341
  -0.318707    0.947714  -0.0162406    -2.85688
 -0.0775987 -0.00901149    0.996944    0.164582
          0           0           0           1
T_world_lidar: 
   0.944672    0.318993   0.0764135     7.59341
  -0.318707    0.947714  -0.0162406    -2.85688
 -0.0775987 -0.00901149    0.996944    0.164582
          0           0           0           1
v_world_imu:   0.314468  -0.214768 -0.0884141
frame_14
id: 3249
stamp: 1773413892.795832157
T_odom_lidar: 
  0.952875   0.302799  0.0184758     7.6246
 -0.300396   0.950302 -0.0817802   -2.88195
-0.0423206  0.0723763   0.996479   0.170626
         0          0          0          1
T_world_lidar: 
  0.952875   0.302799  0.0184758     7.6246
 -0.300396   0.950302 -0.0817802   -2.88195
-0.0423206  0.0723763   0.996479   0.170626
         0          0          0          1
v_world_imu:  0.341349 -0.331682  0.160321
frame_15
id: 3250
stamp: 1773413892.896358967
T_odom_lidar: 
   0.95205   0.300443 -0.0577453    7.67561
 -0.303552   0.951179 -0.0558016    -2.9113
 0.0381609  0.0706547   0.996771   0.190276
         0          0          0          1
T_world_lidar: 
   0.95205   0.300443 -0.0577453    7.67561
 -0.303552   0.951179 -0.0558016    -2.9113
 0.0381609  0.0706547   0.996771   0.190276
         0          0          0          1
v_world_imu:  0.744917 -0.200558  0.096407
frame_16
id: 3251
stamp: 1773413892.997673750
T_odom_lidar: 
  0.945773   0.323835  0.0253799    7.76092
 -0.322393   0.945364 -0.0484776   -2.94803
-0.0396919  0.0376665   0.998502   0.195858
         0          0          0          1
T_world_lidar: 
  0.945773   0.323835  0.0253799    7.76092
 -0.322393   0.945364 -0.0484776   -2.94803
-0.0396919  0.0376665   0.998502   0.195858
         0          0          0          1
v_world_imu:  0.808962 -0.316642 0.0047709
frame_17
id: 3252
stamp: 1773413893.098074198
T_odom_lidar: 
 0.937895  0.345277 0.0337273   7.84776
-0.344572  0.938426 -0.025048  -2.97742
-0.040299 0.0118709  0.999117  0.200881
        0         0         0         1
T_world_lidar: 
 0.937895  0.345277 0.0337273   7.84776
-0.344572  0.938426 -0.025048  -2.97742
-0.040299 0.0118709  0.999117  0.200881
        0         0         0         1
v_world_imu:  0.944901 -0.349198   0.13247
frame_18
id: 3253
stamp: 1773413893.197921991
T_odom_lidar: 
  0.939616   0.342166 0.00661439    7.95532
 -0.341709   0.939076 -0.0370239   -3.01859
-0.0188798  0.0325281   0.999292   0.208427
         0          0          0          1
T_world_lidar: 
  0.939616   0.342166 0.00661439    7.95532
 -0.341709   0.939076 -0.0370239   -3.01859
-0.0188798  0.0325281   0.999292   0.208427
         0          0          0          1
v_world_imu:   1.25222  -0.32341 -0.245615
frame_19
id: 3254
stamp: 1773413893.297642231
T_odom_lidar: 
  0.942921   0.324238  0.0759546    8.06896
 -0.322827   0.945966  -0.030515   -3.04934
-0.0817446 0.00425304   0.996644   0.195978
         0          0          0          1
T_world_lidar: 
  0.942921   0.324238  0.0759546    8.06896
 -0.322827   0.945966  -0.030515   -3.04934
-0.0817446 0.00425304   0.996644   0.195978
         0          0          0          1
v_world_imu:     1.0772  -0.218234 -0.0146345
frame_20
id: 3255
stamp: 1773413893.398022890
T_odom_lidar: 
  0.939179    0.32382    0.11438    8.16115
 -0.322814   0.946056 -0.0277258   -3.06809
 -0.117188 -0.0108839    0.99305   0.198316
         0          0          0          1
T_world_lidar: 
  0.939179    0.32382    0.11438    8.16115
 -0.322814   0.946056 -0.0277258   -3.06809
 -0.117188 -0.0108839    0.99305   0.198316
         0          0          0          1
v_world_imu:  0.644068 -0.158936 0.0409805
frame_21
id: 3256
stamp: 1773413893.498008251
T_odom_lidar: 
   0.933684    0.332715    0.132421     8.20356
  -0.329989     0.94302  -0.0426778    -3.08312
  -0.139075 -0.00384981    0.990274    0.191342
          0           0           0           1
T_world_lidar: 
   0.933684    0.332715    0.132421     8.20356
  -0.329989     0.94302  -0.0426778    -3.08312
  -0.139075 -0.00384981    0.990274    0.191342
          0           0           0           1
v_world_imu:  0.248248 -0.140992 -0.118135
frame_22
id: 3257
stamp: 1773413893.598024607
T_odom_lidar: 
   0.92911   0.346466   0.129291    8.21848
  -0.33976   0.937793 -0.0714601   -3.09473
 -0.146006  0.0224664   0.989028   0.185169
         0          0          0          1
T_world_lidar: 
   0.92911   0.346466   0.129291    8.21848
  -0.33976   0.937793 -0.0714601   -3.09473
 -0.146006  0.0224664   0.989028   0.185169
         0          0          0          1
v_world_imu:   0.0560455  -0.0418032 -0.00779604
frame_23
id: 3258
stamp: 1773413893.697746277
T_odom_lidar: 
  0.932225   0.348931  0.0959408    8.22075
 -0.345388   0.937025 -0.0518756   -3.09182
    -0.108  0.0152229   0.994034   0.186612
         0          0          0          1
T_world_lidar: 
  0.932225   0.348931  0.0959408    8.22075
 -0.345388   0.937025 -0.0518756   -3.09182
    -0.108  0.0152229   0.994034   0.186612
         0          0          0          1
v_world_imu: -0.0273145  0.0368327 -0.0118466
frame_24
id: 3259
stamp: 1773413893.797453880
T_odom_lidar: 
  0.934326   0.345113  0.0890562    8.21582
 -0.341348   0.938326 -0.0550052   -3.08898
 -0.102547  0.0209937   0.994507   0.183098
         0          0          0          1
T_world_lidar: 
  0.934326   0.345113  0.0890562    8.21582
 -0.341348   0.938326 -0.0550052   -3.08898
 -0.102547  0.0209937   0.994507   0.183098
         0          0          0          1
v_world_imu:  -0.036171  0.0507773 -0.0322885
frame_25
id: 3260
stamp: 1773413893.897181034
T_odom_lidar: 
   0.93714   0.339342  0.0813346     8.2157
 -0.336339   0.940488 -0.0485656   -3.08369
-0.0929746  0.0181567   0.995503   0.182925
         0          0          0          1
T_world_lidar: 
   0.93714   0.339342  0.0813346     8.2157
 -0.336339   0.940488 -0.0485656   -3.08369
-0.0929746  0.0181567   0.995503   0.182925
         0          0          0          1
v_world_imu:    0.036458   0.0215475 -0.00141913
frame_26
id: 3261
stamp: 1773413893.996738434
T_odom_lidar: 
    0.94033    0.331015   0.0787989     8.22547
  -0.329952    0.943625  -0.0265282    -3.08726
 -0.0831378 -0.00105459    0.996538    0.183179
          0           0           0           1
T_world_lidar: 
    0.94033    0.331015   0.0787989     8.22547
  -0.329952    0.943625  -0.0265282    -3.08726
 -0.0831378 -0.00105459    0.996538    0.183179
          0           0           0           1
v_world_imu:    0.219371   -0.066461 -0.00442347
frame_27
id: 3262
stamp: 1773413894.096653461
T_odom_lidar: 
    0.93936    0.333923   0.0780966     8.25752
  -0.334435    0.942394 -0.00680935    -3.09953
 -0.0758716  -0.0197218    0.996923     0.18925
          0           0           0           1
T_world_lidar: 
    0.93936    0.333923   0.0780966     8.25752
  -0.334435    0.942394 -0.00680935    -3.09953
 -0.0758716  -0.0197218    0.996923     0.18925
          0           0           0           1
v_world_imu:  0.423867 -0.176223 0.0675381
frame_28
id: 3263
stamp: 1773413894.196438074
T_odom_lidar: 
  0.941117   0.334493  0.0491354    8.30855
 -0.335096   0.942174 0.00436001   -3.12341
-0.0448357 -0.0205683   0.998783   0.191305
         0          0          0          1
T_world_lidar: 
  0.941117   0.334493  0.0491354    8.30855
 -0.335096   0.942174 0.00436001   -3.12341
-0.0448357 -0.0205683   0.998783   0.191305
         0          0          0          1
v_world_imu:   0.533475   -0.27258 -0.0640425
frame_29
id: 3264
stamp: 1773413894.296420813
T_odom_lidar: 
  0.947744   0.317249  0.0336897    8.36721
 -0.315124   0.947377 -0.0563305   -3.15017
-0.0497877  0.0427704   0.997844   0.186243
         0          0          0          1
T_world_lidar: 
  0.947744   0.317249  0.0336897    8.36721
 -0.315124   0.947377 -0.0563305   -3.15017
-0.0497877  0.0427704   0.997844   0.186243
         0          0          0          1
v_world_imu:   0.634262  -0.303485 -0.0577949
frame_30
id: 3265
stamp: 1773413894.396411896
T_odom_lidar: 
   0.95084   0.309322   0.014947    8.43794
 -0.307067   0.947969 -0.0840475   -3.17833
 -0.040167   0.075326    0.99635   0.185336
         0          0          0          1
T_world_lidar: 
   0.95084   0.309322   0.014947    8.43794
 -0.307067   0.947969 -0.0840475   -3.17833
 -0.040167   0.075326    0.99635   0.185336
         0          0          0          1
v_world_imu:  0.754839 -0.265999  0.129352
frame_31
id: 3266
stamp: 1773413894.496882677
T_odom_lidar: 
  0.951148    0.30673   0.035131    8.52153
 -0.304591   0.950867 -0.0554738   -3.20306
-0.0504204  0.0420632   0.997842   0.188222
         0          0          0          1
T_world_lidar: 
  0.951148    0.30673   0.035131    8.52153
 -0.304591   0.950867 -0.0554738   -3.20306
-0.0504204  0.0420632   0.997842   0.188222
         0          0          0          1
v_world_imu:  0.867125 -0.318816 0.0753748
frame_32
id: 3267
stamp: 1773413894.597347736
T_odom_lidar: 
  0.946225   0.317679  0.0611433    8.61124
 -0.316242   0.948134 -0.0321562   -3.23465
-0.0681874   0.011091   0.997611    0.19819
         0          0          0          1
T_world_lidar: 
  0.946225   0.317679  0.0611433    8.61124
 -0.316242   0.948134 -0.0321562   -3.23465
-0.0681874   0.011091   0.997611    0.19819
         0          0          0          1
v_world_imu:  0.936081  -0.28126 0.0590157
frame_33
id: 3268
stamp: 1773413894.697585583
T_odom_lidar: 
   0.945304    0.313923   0.0886195     8.70228
  -0.312779    0.949446  -0.0268775    -3.26388
 -0.0925769 -0.00231093    0.995703    0.198407
          0           0           0           1
T_world_lidar: 
   0.945304    0.313923   0.0886195     8.70228
  -0.312779    0.949446  -0.0268775    -3.26388
 -0.0925769 -0.00231093    0.995703    0.198407
          0           0           0           1
v_world_imu:   0.787787  -0.311878 -0.0832786
frame_34
id: 3269
stamp: 1773413894.797437429
T_odom_lidar: 
  0.946925   0.309613  0.0864485    8.76441
 -0.309476   0.950784  -0.015318    -3.2855
-0.0869365 -0.0122488   0.996139    0.19589
         0          0          0          1
T_world_lidar: 
  0.946925   0.309613  0.0864485    8.76441
 -0.309476   0.950784  -0.015318    -3.2855
-0.0869365 -0.0122488   0.996139    0.19589
         0          0          0          1
v_world_imu:  0.467573 -0.172257  -0.19131
frame_35
id: 3270
stamp: 1773413894.897310734
T_odom_lidar: 
  0.953151   0.290926  0.0828545    8.80225
 -0.287492   0.956424 -0.0509969   -3.29616
-0.0940804  0.0247877   0.995256   0.177316
         0          0          0          1
T_world_lidar: 
  0.953151   0.290926  0.0828545    8.80225
 -0.287492   0.956424 -0.0509969   -3.29616
-0.0940804  0.0247877   0.995256   0.177316
         0          0          0          1
v_world_imu:   0.373607 -0.0803695  -0.146184
frame_36
id: 3271
stamp: 1773413894.997403383
T_odom_lidar: 
   0.94883   0.297329   0.106384    8.84605
  -0.29088    0.95404 -0.0720803   -3.29928
 -0.122927  0.0374468   0.991709   0.168487
         0          0          0          1
T_world_lidar: 
   0.94883   0.297329   0.106384    8.84605
  -0.29088    0.95404 -0.0720803   -3.29928
 -0.122927  0.0374468   0.991709   0.168487
         0          0          0          1
v_world_imu:   0.418327 -0.0564262 -0.0372591
frame_37
id: 3272
stamp: 1773413895.097604036
T_odom_lidar: 
  0.954408   0.287065  0.0818494    8.88178
 -0.282014   0.956999 -0.0679854   -3.30823
 -0.097846  0.0418032   0.994323   0.174487
         0          0          0          1
T_world_lidar: 
  0.954408   0.287065  0.0818494    8.88178
 -0.282014   0.956999 -0.0679854   -3.30823
 -0.097846  0.0418032   0.994323   0.174487
         0          0          0          1
v_world_imu:   0.270586  -0.117262 0.00536928
frame_38
id: 3273
stamp: 1773413895.197560549
T_odom_lidar: 
  0.951421   0.294733   0.089049     8.9024
 -0.292549   0.955536 -0.0369491   -3.32209
-0.0959797 0.00910294   0.995342     0.1732
         0          0          0          1
T_world_lidar: 
  0.951421   0.294733   0.089049     8.9024
 -0.292549   0.955536 -0.0369491   -3.32209
-0.0959797 0.00910294   0.995342     0.1732
         0          0          0          1
v_world_imu:    0.21982 -0.0790232 -0.0141172
frame_39
id: 3274
stamp: 1773413895.297658920
T_odom_lidar: 
  0.946776   0.303791   0.106428    8.93262
 -0.307012   0.951589  0.0149207   -3.32949
-0.0967426 -0.0468012   0.994208   0.174723
         0          0          0          1
T_world_lidar: 
  0.946776   0.303791   0.106428    8.93262
 -0.307012   0.951589  0.0149207   -3.32949
-0.0967426 -0.0468012   0.994208   0.174723
         0          0          0          1
v_world_imu:   0.343468 -0.0684322  0.0358415
frame_40
id: 3275
stamp: 1773413895.397390366
T_odom_lidar: 
  0.946343   0.304359    0.10863    8.96701
 -0.308815   0.950754  0.0264643   -3.33976
-0.0952256 -0.0585909    0.99373   0.170126
         0          0          0          1
T_world_lidar: 
  0.946343   0.304359    0.10863    8.96701
 -0.308815   0.950754  0.0264643   -3.33976
-0.0952256 -0.0585909    0.99373   0.170126
         0          0          0          1
v_world_imu:   0.356187 -0.0893074 -0.0491441
frame_41
id: 3276
stamp: 1773413895.497185230
T_odom_lidar: 
  0.943807   0.307951    0.11998    8.99996
 -0.311382   0.950227  0.0105135   -3.34805
 -0.110771 -0.0472824   0.992721   0.173144
         0          0          0          1
T_world_lidar: 
  0.943807   0.307951    0.11998    8.99996
 -0.311382   0.950227  0.0105135   -3.34805
 -0.110771 -0.0472824   0.992721   0.173144
         0          0          0          1
v_world_imu:   0.270695 -0.0596606  0.0321276
frame_42
id: 3277
stamp: 1773413895.596691370
T_odom_lidar: 
    0.94901    0.299549   0.0982363     9.02334
  -0.300627    0.953733 -0.00398045    -3.35736
 -0.0948835   -0.025755    0.995155    0.173111
          0           0           0           1
T_world_lidar: 
    0.94901    0.299549   0.0982363     9.02334
  -0.300627    0.953733 -0.00398045    -3.35736
 -0.0948835   -0.025755    0.995155    0.173111
          0           0           0           1
v_world_imu:   0.197329 -0.0946987 -0.0350844
frame_43
id: 3278
stamp: 1773413895.696341038
T_odom_lidar: 
  0.951499   0.296658  0.0815084    9.03819
 -0.294133   0.954855 -0.0416983   -3.36839
-0.0901989  0.0157016     0.9958   0.171109
         0          0          0          1
T_world_lidar: 
  0.951499   0.296658  0.0815084    9.03819
 -0.294133   0.954855 -0.0416983   -3.36839
-0.0901989  0.0157016     0.9958   0.171109
         0          0          0          1
v_world_imu:   0.132596  -0.162381 0.00934358
frame_44
id: 3279
stamp: 1773413895.796312571
T_odom_lidar: 
  0.953578    0.29686  0.0506306    9.05776
 -0.291828   0.952418  -0.087956   -3.38333
-0.0743321  0.0690974   0.994837   0.165028
         0          0          0          1
T_world_lidar: 
  0.953578    0.29686  0.0506306    9.05776
 -0.291828   0.952418  -0.087956   -3.38333
-0.0743321  0.0690974   0.994837   0.165028
         0          0          0          1
v_world_imu:    0.240545   -0.171403 -0.00057986
frame_45
id: 3280
stamp: 1773413895.896354198
T_odom_lidar: 
  0.956697   0.290791  0.0130851    9.09103
 -0.288084   0.952314  -0.100527   -3.39914
-0.0416934  0.0924042   0.994848   0.169081
         0          0          0          1
T_world_lidar: 
  0.956697   0.290791  0.0130851    9.09103
 -0.288084   0.952314  -0.100527   -3.39914
-0.0416934  0.0924042   0.994848   0.169081
         0          0          0          1
v_world_imu:  0.406706 -0.201643  0.095376
frame_46
id: 3281
stamp: 1773413895.996520281
T_odom_lidar: 
  0.954341   0.298517  0.0109754    9.14455
 -0.297286   0.952717 -0.0628639   -3.41761
-0.0292223  0.0567308   0.997962   0.177329
         0          0          0          1
T_world_lidar: 
  0.954341   0.298517  0.0109754    9.14455
 -0.297286   0.952717 -0.0628639   -3.41761
-0.0292223  0.0567308   0.997962   0.177329
         0          0          0          1
v_world_imu:    0.659772   -0.195242 -0.00584224
frame_47
id: 3282
stamp: 1773413896.096958399
T_odom_lidar: 
  0.950966   0.307996   0.028313    9.21516
  -0.30671    0.95087 -0.0421348   -3.43668
-0.0398993  0.0313849   0.998711   0.187978
         0          0          0          1
T_world_lidar: 
  0.950966   0.307996   0.028313    9.21516
  -0.30671    0.95087 -0.0421348   -3.43668
-0.0398993  0.0313849   0.998711   0.187978
         0          0          0          1
v_world_imu:  0.750746 -0.167014  0.118801
frame_48
id: 3283
stamp: 1773413896.197061062
T_odom_lidar: 
   0.949585    0.310683   0.0419911     9.29527
  -0.310361    0.950513  -0.0141604    -3.45321
 -0.0443125 0.000414122    0.999018    0.193408
          0           0           0           1
T_world_lidar: 
   0.949585    0.310683   0.0419911     9.29527
  -0.310361    0.950513  -0.0141604    -3.45321
 -0.0443125 0.000414122    0.999018    0.193408
          0           0           0           1
v_world_imu:   0.861178  -0.223328 -0.0589024
frame_49
id: 3284
stamp: 1773413896.296987057
T_odom_lidar: 
  0.947683   0.317625  0.0318057    9.38763
 -0.317032   0.948151 -0.0223464   -3.49018
-0.0372544  0.0110938   0.999244    0.19348
         0          0          0          1
T_world_lidar: 
  0.947683   0.317625  0.0318057    9.38763
 -0.317032   0.948151 -0.0223464   -3.49018
-0.0372544  0.0110938   0.999244    0.19348
         0          0          0          1
v_world_imu:   0.968552  -0.525791 -0.0466695
frame_50
id: 3285
stamp: 1773413896.396808624
T_odom_lidar: 
  0.955928   0.290113  0.0451212    9.47086
 -0.288956   0.956857 -0.0304883   -3.52258
-0.0520195  0.0161065   0.998516   0.199426
         0          0          0          1
T_world_lidar: 
  0.955928   0.290113  0.0451212    9.47086
 -0.288956   0.956857 -0.0304883   -3.52258
-0.0520195  0.0161065   0.998516   0.199426
         0          0          0          1
v_world_imu: 0.772957 -0.27089 0.117696
frame_51
id: 3286
stamp: 1773413896.497309923
T_odom_lidar: 
  0.956446   0.291175  0.0206833    9.55505
 -0.290063   0.955966 -0.0446402   -3.54934
-0.0327706  0.0366965   0.998789   0.199334
         0          0          0          1
T_world_lidar: 
  0.956446   0.291175  0.0206833    9.55505
 -0.290063   0.955966 -0.0446402   -3.54934
-0.0327706  0.0366965   0.998789   0.199334
         0          0          0          1
v_world_imu:   0.891973  -0.262642 -0.0145322
frame_52
id: 3287
stamp: 1773413896.597383976
T_odom_lidar: 
   0.95884   0.280487  0.0441885    9.65067
 -0.279458   0.959747 -0.0280682   -3.57615
-0.0502826   0.014564   0.998629   0.199573
         0          0          0          1
T_world_lidar: 
   0.95884   0.280487  0.0441885    9.65067
 -0.279458   0.959747 -0.0280682   -3.57615
-0.0502826   0.014564   0.998629   0.199573
         0          0          0          1
v_world_imu:  0.971656 -0.268596  0.010086
frame_53
id: 3288
stamp: 1773413896.697564840
T_odom_lidar: 
  0.950787   0.302651  0.0663806    9.74729
 -0.301475   0.953083 -0.0273091   -3.60099
-0.0715314 0.00595303   0.997421   0.206286
         0          0          0          1
T_world_lidar: 
  0.950787   0.302651  0.0663806    9.74729
 -0.301475   0.953083 -0.0273091   -3.60099
-0.0715314 0.00595303   0.997421   0.206286
         0          0          0          1
v_world_imu:   0.949436  -0.187371 -0.0228191
frame_54
id: 3289
stamp: 1773413896.797236681
T_odom_lidar: 
   0.952565    0.299731    0.052732     9.84358
  -0.299756    0.953985 -0.00761751    -3.61976
 -0.0525887 -0.00855054     0.99858    0.200345
          0           0           0           1
T_world_lidar: 
   0.952565    0.299731    0.052732     9.84358
  -0.299756    0.953985 -0.00761751    -3.61976
 -0.0525887 -0.00855054     0.99858    0.200345
          0           0           0           1
v_world_imu:  0.992243 -0.239129 -0.147652
frame_55
id: 3290
stamp: 1773413896.896362543
T_odom_lidar: 
  0.965488   0.253123  0.0613273    9.94081
 -0.251729   0.967345 -0.0296107   -3.64252
-0.0668198  0.0131509   0.997678   0.175988
         0          0          0          1
T_world_lidar: 
  0.965488   0.253123  0.0613273    9.94081
 -0.251729   0.967345 -0.0296107   -3.64252
-0.0668198  0.0131509   0.997678   0.175988
         0          0          0          1
v_world_imu:   0.933613 -0.0279865  -0.160894
frame_56
id: 3291
stamp: 1773413896.995185137
T_odom_lidar: 
  0.985577   0.164106  0.0413233    10.0224
 -0.162888   0.986147 -0.0313212   -3.64604
-0.0458909  0.0241384   0.998655   0.170122
         0          0          0          1
T_world_lidar: 
  0.985577   0.164106  0.0413233    10.0224
 -0.162888   0.986147 -0.0313212   -3.64604
-0.0458909  0.0241384   0.998655   0.170122
         0          0          0          1
v_world_imu:   0.776483 -0.0160669 -0.0661482
frame_57
id: 3292
stamp: 1773413897.094751596
T_odom_lidar: 
  0.996485  0.0682784  0.0485348    10.0955
-0.0664162    0.99703 -0.0389998   -3.64174
-0.0510535  0.0356392    0.99806   0.163957
         0          0          0          1
T_world_lidar: 
  0.996485  0.0682784  0.0485348    10.0955
-0.0664162    0.99703 -0.0389998   -3.64174
-0.0510535  0.0356392    0.99806   0.163957
         0          0          0          1
v_world_imu:    0.669638 0.000980082    0.062616
frame_58
id: 3293
stamp: 1773413897.196076393
T_odom_lidar: 
  0.998025  0.0589924  0.0215665    10.1598
-0.0587621    0.99821 -0.0111609   -3.64552
-0.0221863 0.00987155   0.999705   0.174209
         0          0          0          1
T_world_lidar: 
  0.998025  0.0589924  0.0215665    10.1598
-0.0587621    0.99821 -0.0111609   -3.64552
-0.0221863 0.00987155   0.999705   0.174209
         0          0          0          1
v_world_imu:  0.581928 -0.101228  0.089941
frame_59
id: 3294
stamp: 1773413897.297269583
T_odom_lidar: 
   0.997345   0.0594762   0.0420173     10.2061
 -0.0597004    0.998208  0.00410052     -3.6492
 -0.0416981 -0.00659808    0.999108    0.171633
          0           0           0           1
T_world_lidar: 
   0.997345   0.0594762   0.0420173     10.2061
 -0.0597004    0.998208  0.00410052     -3.6492
 -0.0416981 -0.00659808    0.999108    0.171633
          0           0           0           1
v_world_imu:    0.392622 -0.00319375  -0.0228639
frame_60
id: 3295
stamp: 1773413897.397891998
T_odom_lidar: 
   0.995055   0.0605872   0.0787096     10.2383
 -0.0610826    0.998125  0.00390046    -3.64797
 -0.0783257 -0.00868896     0.99689    0.174364
          0           0           0           1
T_world_lidar: 
   0.995055   0.0605872   0.0787096     10.2383
 -0.0610826    0.998125  0.00390046    -3.64797
 -0.0783257 -0.00868896     0.99689    0.174364
          0           0           0           1
v_world_imu:  0.206478 0.0275875  0.078769
frame_61
id: 3296
stamp: 1773413897.497904778
T_odom_lidar: 
  0.995422  0.0573421  0.0764641    10.2498
-0.0592811   0.997969  0.0233331    -3.6456
-0.0749708 -0.0277591   0.996799   0.175582
         0          0          0          1
T_world_lidar: 
  0.995422  0.0573421  0.0764641    10.2498
-0.0592811   0.997969  0.0233331    -3.6456
-0.0749708 -0.0277591   0.996799   0.175582
         0          0          0          1
v_world_imu:  0.0599788   0.042191 -0.0301719
frame_62
id: 3297
stamp: 1773413897.597569227
T_odom_lidar: 
     0.996  0.0549381  0.0704664    10.2546
-0.0567766    0.99809  0.0243564   -3.64204
-0.0689937 -0.0282598   0.997217   0.172277
         0          0          0          1
T_world_lidar: 
     0.996  0.0549381  0.0704664    10.2546
-0.0567766    0.99809  0.0243564   -3.64204
-0.0689937 -0.0282598   0.997217   0.172277
         0          0          0          1
v_world_imu: 0.0384501 0.0228102 0.0102582
frame_63
id: 3298
stamp: 1773413897.697053432
T_odom_lidar: 
  0.996541  0.0510646  0.0655602    10.2596
-0.0518147   0.998609 0.00979189   -3.64236
 -0.064969  -0.013155   0.997801   0.172001
         0          0          0          1
T_world_lidar: 
  0.996541  0.0510646  0.0655602    10.2596
-0.0518147   0.998609 0.00979189   -3.64236
 -0.064969  -0.013155   0.997801   0.172001
         0          0          0          1
v_world_imu:  0.0585011 -0.0204283 -0.0226867
frame_64
id: 3299
stamp: 1773413897.796572447
T_odom_lidar: 
   0.996768   0.0461149   0.0657789      10.266
  -0.046496    0.998909  0.00427314     -3.6464
 -0.0655101 -0.00731778    0.997825    0.170635
          0           0           0           1
T_world_lidar: 
   0.996768   0.0461149   0.0657789      10.266
  -0.046496    0.998909  0.00427314     -3.6464
 -0.0655101 -0.00731778    0.997825    0.170635
          0           0           0           1
v_world_imu:  0.0751315 -0.0263539 -0.0121254
frame_65
id: 3300
stamp: 1773413897.896319389
T_odom_lidar: 
   0.996861   0.0400142   0.0683157     10.2742
 -0.0403169    0.999182  0.00305791    -3.64611
 -0.0681375 -0.00580259    0.997659    0.168116
          0           0           0           1
T_world_lidar: 
   0.996861   0.0400142   0.0683157     10.2742
 -0.0403169    0.999182  0.00305791    -3.64611
 -0.0681375 -0.00580259    0.997659    0.168116
          0           0           0           1
v_world_imu:  0.0896692  0.0191562 -0.0284289
frame_66
id: 3301
stamp: 1773413897.996086597
T_odom_lidar: 
   0.997028   0.0344555    0.068902     10.2833
 -0.0346355    0.999399  0.00141984    -3.64473
 -0.0688116 -0.00380208    0.997622    0.165647
          0           0           0           1
T_world_lidar: 
   0.997028   0.0344555    0.068902     10.2833
 -0.0346355    0.999399  0.00141984    -3.64473
 -0.0688116 -0.00380208    0.997622    0.165647
          0           0           0           1
v_world_imu: 0.0869602  0.011587 -0.033893
frame_67
id: 3302
stamp: 1773413898.096213102
T_odom_lidar: 
   0.997134   0.0317768   0.0686519     10.2895
 -0.0319372    0.999489  0.00123961    -3.64375
 -0.0685774 -0.00342861     0.99764    0.161485
          0           0           0           1
T_world_lidar: 
   0.997134   0.0317768   0.0686519     10.2895
 -0.0319372    0.999489  0.00123961    -3.64375
 -0.0685774 -0.00342861     0.99764    0.161485
          0           0           0           1
v_world_imu:    0.048371   0.0053103 -0.00907064
frame_68
id: 3303
stamp: 1773413898.196329594
T_odom_lidar: 
   0.997268   0.0272887   0.0686465     10.2939
  -0.027888    0.999581   0.0077869    -3.64201
 -0.0684052 -0.00968004    0.997611    0.163904
          0           0           0           1
T_world_lidar: 
   0.997268   0.0272887   0.0686465     10.2939
  -0.027888    0.999581   0.0077869    -3.64201
 -0.0684052 -0.00968004    0.997611    0.163904
          0           0           0           1
v_world_imu: 0.0139508  0.029148 0.0323321
frame_69
id: 3304
stamp: 1773413898.296536684
T_odom_lidar: 
  0.997499  0.0243464  0.0663491    10.2923
-0.0252901    0.99959  0.0134212   -3.64002
-0.0659951 -0.0150656   0.997706   0.163251
         0          0          0          1
T_world_lidar: 
  0.997499  0.0243464  0.0663491    10.2923
-0.0252901    0.99959  0.0134212   -3.64002
-0.0659951 -0.0150656   0.997706   0.163251
         0          0          0          1
v_world_imu: -0.0288232  0.0150968  0.0238685
frame_70
id: 3305
stamp: 1773413898.396837473
T_odom_lidar: 
  0.997631  0.0240426  0.0644498     10.289
-0.0252035   0.999533  0.0172593   -3.63779
-0.0640048 -0.0188428   0.997772   0.165261
         0          0          0          1
T_world_lidar: 
  0.997631  0.0240426  0.0644498     10.289
-0.0252035   0.999533  0.0172593   -3.63779
-0.0640048 -0.0188428   0.997772   0.165261
         0          0          0          1
v_world_imu: -0.0365764  0.0217327 0.00996726
frame_71
id: 3306
stamp: 1773413898.497133017
T_odom_lidar: 
  0.997802  0.0232795  0.0620485    10.2851
-0.0244529   0.999535  0.0182195   -3.63575
-0.0615955 -0.0196967   0.997907   0.166594
         0          0          0          1
T_world_lidar: 
  0.997802  0.0232795  0.0620485    10.2851
-0.0244529   0.999535  0.0182195   -3.63575
-0.0615955 -0.0196967   0.997907   0.166594
         0          0          0          1
v_world_imu: -0.0341046   0.029611  0.0109377
frame_72
id: 3307
stamp: 1773413898.597285509
T_odom_lidar: 
  0.998023  0.0193791  0.0597856    10.2815
-0.0206874   0.999558   0.021343   -3.63247
-0.0593456 -0.0225376   0.997983   0.168721
         0          0          0          1
T_world_lidar: 
  0.998023  0.0193791  0.0597856    10.2815
-0.0206874   0.999558   0.021343   -3.63247
-0.0593456 -0.0225376   0.997983   0.168721
         0          0          0          1
v_world_imu: -0.0335777  0.0254012  0.0132672
frame_73
id: 3308
stamp: 1773413898.697617531
T_odom_lidar: 
  0.998155  0.0168681   0.058329    10.2787
-0.0182724   0.999554  0.0236271   -3.63202
-0.0579045 -0.0246493   0.998018   0.168296
         0          0          0          1
T_world_lidar: 
  0.998155  0.0168681   0.058329    10.2787
-0.0182724   0.999554  0.0236271   -3.63202
-0.0579045 -0.0246493   0.998018   0.168296
         0          0          0          1
v_world_imu: -0.0329136 -0.0100253 -0.0217947
frame_74
id: 3309
stamp: 1773413898.797450781
T_odom_lidar: 
  0.998603  0.0136885  0.0510367    10.2787
-0.0143829   0.999809  0.0132621   -3.63115
-0.0508454 -0.0139776   0.998609   0.168061
         0          0          0          1
T_world_lidar: 
  0.998603  0.0136885  0.0510367    10.2787
-0.0143829   0.999809  0.0132621   -3.63115
-0.0508454 -0.0139776   0.998609   0.168061
         0          0          0          1
v_world_imu:  0.039722 0.0225008 0.0106781
frame_75
id: 3310
stamp: 1773413898.896950006
T_odom_lidar: 
  0.998518  0.0104289  0.0534105    10.2874
-0.0111656   0.999846  0.0135122   -3.63004
-0.0532613 -0.0140885   0.998481    0.16723
         0          0          0          1
T_world_lidar: 
  0.998518  0.0104289  0.0534105    10.2874
-0.0111656   0.999846  0.0135122   -3.63004
-0.0532613 -0.0140885   0.998481    0.16723
         0          0          0          1
v_world_imu:   0.131038 0.00129911 -0.0300178
frame_76
id: 3311
stamp: 1773413898.996541262
T_odom_lidar: 
   0.998093  -0.0100747   0.0609057     10.3041
 0.00960243    0.999922  0.00804238    -3.62713
 -0.0609819 -0.00744219    0.998111    0.163152
          0           0           0           1
T_world_lidar: 
   0.998093  -0.0100747   0.0609057     10.3041
 0.00960243    0.999922  0.00804238    -3.62713
 -0.0609819 -0.00744219    0.998111    0.163152
          0           0           0           1
v_world_imu:   0.208283  0.0780647 -0.0289516
frame_77
id: 3312
stamp: 1773413899.095674515
T_odom_lidar: 
   0.994553  -0.0729853     0.07441      10.326
  0.0735061    0.997286 -0.00428044    -3.61436
 -0.0738957  0.00972672    0.997219    0.162173
          0           0           0           1
T_world_lidar: 
   0.994553  -0.0729853     0.07441      10.326
  0.0735061    0.997286 -0.00428044    -3.61436
 -0.0738957  0.00972672    0.997219    0.162173
          0           0           0           1
v_world_imu:   0.228211   0.154314 0.00210846
frame_78
id: 3313
stamp: 1773413899.194750309
T_odom_lidar: 
   0.980041   -0.169875    0.103253     10.3453
   0.171792    0.985084 -0.00989787    -3.60121
  -0.100031   0.0274383    0.994606    0.162879
          0           0           0           1
T_world_lidar: 
   0.980041   -0.169875    0.103253     10.3453
   0.171792    0.985084 -0.00989787    -3.60121
  -0.100031   0.0274383    0.994606    0.162879
          0           0           0           1
v_world_imu:   0.18642  0.069769 0.0253719
frame_79
id: 3314
stamp: 1773413899.295143127
T_odom_lidar: 
  0.969053  -0.213822   0.123359    10.3717
  0.217167   0.976032 -0.0141767   -3.60479
 -0.117371  0.0405273   0.992261    0.16924
         0          0          0          1
T_world_lidar: 
  0.969053  -0.213822   0.123359    10.3717
  0.217167   0.976032 -0.0141767   -3.60479
 -0.117371  0.0405273   0.992261    0.16924
         0          0          0          1
v_world_imu:    0.448818 0.000897624    0.127308
frame_80
id: 3315
stamp: 1773413899.396621943
T_odom_lidar: 
   0.971977   -0.222207    0.076717     10.4091
   0.223398    0.974701 -0.00720142    -3.59687
 -0.0731759    0.024138    0.997027     0.17876
          0           0           0           1
T_world_lidar: 
   0.971977   -0.222207    0.076717     10.4091
   0.223398    0.974701 -0.00720142    -3.59687
 -0.0731759    0.024138    0.997027     0.17876
          0           0           0           1
v_world_imu:   0.327245 -0.0394507 -0.0784385
frame_81
id: 3316
stamp: 1773413899.497230291
T_odom_lidar: 
