id: 3
T_world_origin: 
   0.986917    0.132809   0.0914171    -14.0145
  -0.133056    0.991103 -0.00341753     10.6806
 -0.0910576 -0.00879075    0.995807   0.0798323
          0           0           0           1
T_origin_endpoint_L: 
 -0.988125  0.0852145   -0.12786     13.583
-0.0888036  -0.995792  0.0226274    4.81724
 -0.125394  0.0337131   0.991534    1.33156
         0          0          0          1
T_origin_endpoint_R: 
  0.253542   0.964984 -0.0672435    24.0321
 -0.966489   0.249822 -0.0590571   -4.64425
-0.0401903  0.0799636   0.995987    2.20691
         0          0          0          1
T_lidar_imu: 
     1      0      0  0.006
     0      1      0 -0.012
     0      0      1  0.008
     0      0      0      1
imu_bias:   0.0319736  0.00195811  -0.0613125 -0.00300256 -0.00285941 -0.00455716
frame_id: 2
num_frames: 527
frame_0
id: 3852
stamp: 1773413953.095722198
T_odom_lidar: 
 -0.998338 -0.0448477 -0.0361867    0.11823
  0.043329   -0.99819  0.0417129    13.6208
-0.0379919  0.0400756   0.998474   0.162008
         0          0          0          1
T_world_lidar: 
 -0.998338 -0.0448477 -0.0361867    0.11823
  0.043329   -0.99819  0.0417129    13.6208
-0.0379919  0.0400756   0.998474   0.162008
         0          0          0          1
v_world_imu:  -0.805103   0.134279 -0.0576695
frame_1
id: 3853
stamp: 1773413953.196029425
T_odom_lidar: 
 -0.996148 -0.0585975 -0.0652309  0.0318553
 0.0568927  -0.997996  0.0276939      13.63
 -0.066723  0.0238761   0.997486   0.158804
         0          0          0          1
T_world_lidar: 
 -0.996148 -0.0585975 -0.0652309  0.0318553
 0.0568927  -0.997996  0.0276939      13.63
 -0.066723  0.0238761   0.997486   0.158804
         0          0          0          1
v_world_imu: -0.810016 -0.050662 0.0172222
frame_2
id: 3854
stamp: 1773413953.296491385
T_odom_lidar: 
 -0.995087 -0.0641556 -0.0753985 -0.0436055
 0.0634985   -0.99792  0.0110833    13.6291
-0.0759527 0.00624117   0.997092   0.161493
         0          0          0          1
T_world_lidar: 
 -0.995087 -0.0641556 -0.0753985 -0.0436055
 0.0634985   -0.99792  0.0110833    13.6291
-0.0759527 0.00624117   0.997092   0.161493
         0          0          0          1
v_world_imu:   -0.740236 -0.00967135  -0.0461906
frame_3
id: 3855
stamp: 1773413953.396563530
T_odom_lidar: 
  -0.995082  -0.0666903  -0.0732389   -0.124664
  0.0672231   -0.997726 -0.00483184     13.6278
 -0.0727502 -0.00973143    0.997303    0.150711
          0           0           0           1
T_world_lidar: 
  -0.995082  -0.0666903  -0.0732389   -0.124664
  0.0672231   -0.997726 -0.00483184     13.6278
 -0.0727502 -0.00973143    0.997303    0.150711
          0           0           0           1
v_world_imu:   -0.87517 0.00243737  -0.154422
frame_4
id: 3856
stamp: 1773413953.496366262
T_odom_lidar: 
  -0.995528  -0.0604855  -0.0725672   -0.211849
  0.0606293    -0.99816 0.000222281       13.63
 -0.0724471 -0.00417841    0.997364    0.138813
          0           0           0           1
T_world_lidar: 
  -0.995528  -0.0604855  -0.0725672   -0.211849
  0.0606293    -0.99816 0.000222281       13.63
 -0.0724471 -0.00417841    0.997364    0.138813
          0           0           0           1
v_world_imu:  -0.804814  0.0396696 0.00489662
frame_5
id: 3857
stamp: 1773413953.596075296
T_odom_lidar: 
 -0.997626 -0.0294011 -0.0622755  -0.289662
 0.0283468  -0.999441  0.0177464    13.6345
-0.0627624   0.015939   0.997901   0.148771
         0          0          0          1
T_world_lidar: 
 -0.997626 -0.0294011 -0.0622755  -0.289662
 0.0283468  -0.999441  0.0177464    13.6345
-0.0627624   0.015939   0.997901   0.148771
         0          0          0          1
v_world_imu: -0.795384 0.0922924 0.0694824
frame_6
id: 3858
stamp: 1773413953.696401119
T_odom_lidar: 
 -0.997899 -0.0350541 -0.0544923  -0.371214
 0.0339217  -0.999192  0.0215691    13.6396
-0.0552043  0.0196753   0.998281   0.146109
         0          0          0          1
T_world_lidar: 
 -0.997899 -0.0350541 -0.0544923  -0.371214
 0.0339217  -0.999192  0.0215691    13.6396
-0.0552043  0.0196753   0.998281   0.146109
         0          0          0          1
v_world_imu: -0.851188 0.0157885 -0.110622
frame_7
id: 3859
stamp: 1773413953.796731472
T_odom_lidar: 
 -0.996904  -0.042707 -0.0660166  -0.456144
 0.0420051  -0.999046   0.011984    13.6431
-0.0664654 0.00917387   0.997747   0.138932
         0          0          0          1
T_world_lidar: 
 -0.996904  -0.042707 -0.0660166  -0.456144
 0.0420051  -0.999046   0.011984    13.6431
-0.0664654 0.00917387   0.997747   0.138932
         0          0          0          1
v_world_imu:  -0.782568  0.0302006 0.00822287
frame_8
id: 3860
stamp: 1773413953.896897316
T_odom_lidar: 
 -0.997116  -0.045092 -0.0610479  -0.534726
 0.0456584  -0.998926  -0.007914     13.641
-0.0606255 -0.0106785   0.998103   0.146752
         0          0          0          1
T_world_lidar: 
 -0.997116  -0.045092 -0.0610479  -0.534726
 0.0456584  -0.998926  -0.007914     13.641
-0.0606255 -0.0106785   0.998103   0.146752
         0          0          0          1
v_world_imu:  -0.797649 -0.0529917  0.0190776
frame_9
id: 3861
stamp: 1773413953.997190714
T_odom_lidar: 
 -0.997184 -0.0442814 -0.0605172  -0.617909
 0.0455904  -0.998751 -0.0204228    13.6386
-0.0595373 -0.0231243   0.997958   0.144476
         0          0          0          1
T_world_lidar: 
 -0.997184 -0.0442814 -0.0605172  -0.617909
 0.0455904  -0.998751 -0.0204228    13.6386
-0.0595373 -0.0231243   0.997958   0.144476
         0          0          0          1
v_world_imu:   -0.86931  0.0485227 -0.0270533
frame_10
id: 3862
stamp: 1773413954.096998692
T_odom_lidar: 
 -0.998087 -0.0235743 -0.0571475  -0.702336
  0.024505  -0.999577 -0.0156399    13.6429
-0.0567547 -0.0170104   0.998243   0.147886
         0          0          0          1
T_world_lidar: 
 -0.998087 -0.0235743 -0.0571475  -0.702336
  0.024505  -0.999577 -0.0156399    13.6429
-0.0567547 -0.0170104   0.998243   0.147886
         0          0          0          1
v_world_imu:   -0.806116 0.000377263    0.104273
frame_11
id: 3863
stamp: 1773413954.196917295
T_odom_lidar: 
 -0.998904  -0.012237 -0.0451873  -0.778557
 0.0116117  -0.999834  0.0140755    13.6482
 -0.045352  0.0135353   0.998879   0.158648
         0          0          0          1
T_world_lidar: 
 -0.998904  -0.012237 -0.0451873  -0.778557
 0.0116117  -0.999834  0.0140755    13.6482
 -0.045352  0.0135353   0.998879   0.158648
         0          0          0          1
v_world_imu:  -0.762717  0.0915949 0.00255567
frame_12
id: 3864
stamp: 1773413954.296652555
T_odom_lidar: 
 -0.999648 -0.0115782  -0.023857  -0.858891
 0.0112559  -0.999844  0.0136017    13.6533
-0.0240108  0.0133284   0.999623   0.150728
         0          0          0          1
T_world_lidar: 
 -0.999648 -0.0115782  -0.023857  -0.858891
 0.0112559  -0.999844  0.0136017    13.6533
-0.0240108  0.0133284   0.999623   0.150728
         0          0          0          1
v_world_imu: -0.872667 0.0161213 -0.135681
frame_13
id: 3865
stamp: 1773413954.396620750
T_odom_lidar: 
  -0.998309  -0.0264044  -0.0517867    -0.94092
  0.0267099    -0.99963 -0.00521645      13.655
 -0.0516298 -0.00659085    0.998645    0.152727
          0           0           0           1
T_world_lidar: 
  -0.998309  -0.0264044  -0.0517867    -0.94092
  0.0267099    -0.99963 -0.00521645      13.655
 -0.0516298 -0.00659085    0.998645    0.152727
          0           0           0           1
v_world_imu:  -0.766479 -0.0322496  0.0941258
frame_14
id: 3866
stamp: 1773413954.496650696
T_odom_lidar: 
 -0.998568 -0.0241485 -0.0477434   -1.01365
 0.0246674  -0.999643  -0.010309    13.6536
-0.0474774 -0.0114719   0.998806   0.152962
         0          0          0          1
T_world_lidar: 
 -0.998568 -0.0241485 -0.0477434   -1.01365
 0.0246674  -0.999643  -0.010309    13.6536
-0.0474774 -0.0114719   0.998806   0.152962
         0          0          0          1
v_world_imu:  -0.759505 -0.0350009  -0.105535
frame_15
id: 3867
stamp: 1773413954.596354723
T_odom_lidar: 
 -0.998709 -0.0199131 -0.0467237   -1.09503
 0.0207318  -0.999639 -0.0171039    13.6499
-0.0463662 -0.0180505   0.998761   0.148326
         0          0          0          1
T_world_lidar: 
 -0.998709 -0.0199131 -0.0467237   -1.09503
 0.0207318  -0.999639 -0.0171039    13.6499
-0.0463662 -0.0180505   0.998761   0.148326
         0          0          0          1
v_world_imu:   -0.89091 -0.0203411 -0.0168731
frame_16
id: 3868
stamp: 1773413954.696094513
T_odom_lidar: 
   -0.999096 -9.95136e-05   -0.0425008     -1.17938
 0.000329476    -0.999985  -0.00540382      13.6472
  -0.0424996  -0.00541294     0.999082     0.155509
           0            0            0            1
T_world_lidar: 
   -0.999096 -9.95136e-05   -0.0425008     -1.17938
 0.000329476    -0.999985  -0.00540382      13.6472
  -0.0424996  -0.00541294     0.999082     0.155509
           0            0            0            1
v_world_imu:   -0.779002 -0.00383744   0.0724443
frame_17
id: 3869
stamp: 1773413954.796213627
T_odom_lidar: 
  -0.999427  0.00857725  -0.0327494    -1.25953
-0.00928875   -0.999723   0.0216357     13.6496
 -0.0325548   0.0219275    0.999229    0.170787
          0           0           0           1
T_world_lidar: 
  -0.999427  0.00857725  -0.0327494    -1.25953
-0.00928875   -0.999723   0.0216357     13.6496
 -0.0325548   0.0219275    0.999229    0.170787
          0           0           0           1
v_world_imu:  -0.834529 0.00758368 -0.0432986
frame_18
id: 3870
stamp: 1773413954.896462440
T_odom_lidar: 
 -0.999107   0.015676 -0.0392415   -1.34854
-0.0160342  -0.999832 0.00882877    13.6461
-0.0390966 0.00945009   0.999191   0.162358
         0          0          0          1
T_world_lidar: 
 -0.999107   0.015676 -0.0392415   -1.34854
-0.0160342  -0.999832 0.00882877    13.6461
-0.0390966 0.00945009   0.999191   0.162358
         0          0          0          1
v_world_imu:  -0.896179 -0.0623439 -0.0165716
frame_19
id: 3871
stamp: 1773413954.996710062
T_odom_lidar: 
  -0.998549  0.00234967  -0.0537968    -1.42629
-0.00201704   -0.999979 -0.00623655     13.6439
 -0.0538103 -0.00611899    0.998532    0.161596
          0           0           0           1
T_world_lidar: 
  -0.998549  0.00234967  -0.0537968    -1.42629
-0.00201704   -0.999979 -0.00623655     13.6439
 -0.0538103 -0.00611899    0.998532    0.161596
          0           0           0           1
v_world_imu: -0.678469   0.01221 0.0817258
frame_20
id: 3872
stamp: 1773413955.097104073
T_odom_lidar: 
  -0.998456 -0.00480232  -0.0553446    -1.49578
 0.00584977   -0.999807  -0.0187795     13.6449
 -0.0552438  -0.0190742    0.998291    0.161548
          0           0           0           1
T_world_lidar: 
  -0.998456 -0.00480232  -0.0553446    -1.49578
 0.00584977   -0.999807  -0.0187795     13.6449
 -0.0552438  -0.0190742    0.998291    0.161548
          0           0           0           1
v_world_imu: -0.713102 0.0136643 -0.120882
frame_21
id: 3873
stamp: 1773413955.197174072
T_odom_lidar: 
 -0.998947 0.00298195 -0.0457929    -1.5733
-0.0013202  -0.999341  -0.036276    13.6441
-0.0458708 -0.0361773   0.998292   0.149858
         0          0          0          1
T_world_lidar: 
 -0.998947 0.00298195 -0.0457929    -1.5733
-0.0013202  -0.999341  -0.036276    13.6441
-0.0458708 -0.0361773   0.998292   0.149858
         0          0          0          1
v_world_imu:  -0.850874 0.00111469  -0.126475
frame_22
id: 3874
stamp: 1773413955.296763182
T_odom_lidar: 
 -0.997756  0.0188814 -0.0642323   -1.65796
  -0.01788   -0.99971 -0.0161302    13.6425
-0.0645182 -0.0149456   0.997805   0.150047
         0          0          0          1
T_world_lidar: 
 -0.997756  0.0188814 -0.0642323   -1.65796
  -0.01788   -0.99971 -0.0161302    13.6425
-0.0645182 -0.0149456   0.997805   0.150047
         0          0          0          1
v_world_imu:  -0.776509 -0.0230048  0.0570574
frame_23
id: 3875
stamp: 1773413955.396826744
T_odom_lidar: 
 -0.998154  0.0314074 -0.0519801   -1.73397
-0.0323317  -0.999332  0.0170367    13.6422
-0.0514103  0.0186859   0.998503   0.147618
         0          0          0          1
T_world_lidar: 
 -0.998154  0.0314074 -0.0519801   -1.73397
-0.0323317  -0.999332  0.0170367    13.6422
-0.0514103  0.0186859   0.998503   0.147618
         0          0          0          1
v_world_imu: -0.750759 0.0150376 -0.089058
frame_24
id: 3876
stamp: 1773413955.496986628
T_odom_lidar: 
  -0.99822  0.0351318 -0.0481955   -1.81324
-0.0358639  -0.999253  0.0144112    13.6398
-0.0476532   0.016114   0.998734   0.138545
         0          0          0          1
T_world_lidar: 
  -0.99822  0.0351318 -0.0481955   -1.81324
-0.0358639  -0.999253  0.0144112    13.6398
-0.0476532   0.016114   0.998734   0.138545
         0          0          0          1
v_world_imu:  -0.756533 0.00830537  0.0611833
frame_25
id: 3877
stamp: 1773413955.597166061
T_odom_lidar: 
  -0.998459   0.0201685  -0.0516967    -1.88799
 -0.0198648   -0.999782 -0.00638097     13.6403
 -0.0518141 -0.00534419    0.998642    0.153544
          0           0           0           1
T_world_lidar: 
  -0.998459   0.0201685  -0.0516967    -1.88799
 -0.0198648   -0.999782 -0.00638097     13.6403
 -0.0518141 -0.00534419    0.998642    0.153544
          0           0           0           1
v_world_imu: -0.720674 0.0102597  0.157082
frame_26
id: 3878
stamp: 1773413955.697024822
T_odom_lidar: 
  -0.998425   0.0174797  -0.0533022    -1.95458
 -0.0169843   -0.999808 -0.00973403     13.6406
 -0.0534621  -0.0088134    0.998531    0.161349
          0           0           0           1
T_world_lidar: 
  -0.998425   0.0174797  -0.0533022    -1.95458
 -0.0169843   -0.999808 -0.00973403     13.6406
 -0.0534621  -0.0088134    0.998531    0.161349
          0           0           0           1
v_world_imu:  -0.696116 -0.0148117 -0.0701251
frame_27
id: 3879
stamp: 1773413955.796907663
T_odom_lidar: 
  -0.998001   0.0201235  -0.0599152    -2.02847
  -0.019514   -0.999752  -0.0107396     13.6399
 -0.0601165 -0.00954894    0.998146    0.154437
          0           0           0           1
T_world_lidar: 
  -0.998001   0.0201235  -0.0599152    -2.02847
  -0.019514   -0.999752  -0.0107396     13.6399
 -0.0601165 -0.00954894    0.998146    0.154437
          0           0           0           1
v_world_imu:   -0.770342 -0.00962274   -0.011333
frame_28
id: 3880
stamp: 1773413955.896571636
T_odom_lidar: 
 -0.998576  0.0342535 -0.0408951   -2.10575
-0.0337767  -0.999354 -0.0122925    13.6345
-0.0412897 -0.0108937   0.999088   0.164166
         0          0          0          1
T_world_lidar: 
 -0.998576  0.0342535 -0.0408951   -2.10575
-0.0337767  -0.999354 -0.0122925    13.6345
-0.0412897 -0.0108937   0.999088   0.164166
         0          0          0          1
v_world_imu:  -0.749196 -0.0393603  0.0881278
frame_29
id: 3881
stamp: 1773413955.996690512
T_odom_lidar: 
 -0.998332  0.0397704 -0.0418422   -2.18242
 -0.040524  -0.999028  0.0173185    13.6314
-0.0411128  0.0189852   0.998974   0.161324
         0          0          0          1
T_world_lidar: 
 -0.998332  0.0397704 -0.0418422   -2.18242
 -0.040524  -0.999028  0.0173185    13.6314
-0.0411128  0.0189852   0.998974   0.161324
         0          0          0          1
v_world_imu:  -0.777589 -0.0402204  -0.101929
frame_30
id: 3882
stamp: 1773413956.096647024
T_odom_lidar: 
  -0.99813  0.0477006 -0.0382153   -2.26191
-0.0483234  -0.998711  0.0155404    13.6247
-0.0374247   0.017358   0.999149   0.157764
         0          0          0          1
T_world_lidar: 
  -0.99813  0.0477006 -0.0382153   -2.26191
-0.0483234  -0.998711  0.0155404    13.6247
-0.0374247   0.017358   0.999149   0.157764
         0          0          0          1
v_world_imu:   -0.812675 -0.00490741    0.103499
frame_31
id: 3883
stamp: 1773413956.196752310
T_odom_lidar: 
 -0.998664  0.0321167 -0.0404779   -2.33929
-0.0314675  -0.999367 -0.0165755    13.6231
-0.0409847 -0.0152796   0.999043   0.170278
         0          0          0          1
T_world_lidar: 
 -0.998664  0.0321167 -0.0404779   -2.33929
-0.0314675  -0.999367 -0.0165755    13.6231
-0.0409847 -0.0152796   0.999043   0.170278
         0          0          0          1
v_world_imu:  -0.741632 -0.0285842   0.118529
frame_32
id: 3884
stamp: 1773413956.296703100
T_odom_lidar: 
 -0.997915  0.0360789  -0.053514   -2.41323
-0.0344706  -0.998935 -0.0306782    13.6203
-0.0545638 -0.0287696   0.998096   0.174108
         0          0          0          1
T_world_lidar: 
 -0.997915  0.0360789  -0.053514   -2.41323
-0.0344706  -0.998935 -0.0306782    13.6203
-0.0545638 -0.0287696   0.998096   0.174108
         0          0          0          1
v_world_imu:   -0.771137  -0.0459128 -0.00186988
frame_33
id: 3885
stamp: 1773413956.396625280
T_odom_lidar: 
 -0.997486  0.0373821 -0.0601978    -2.4957
-0.0347988  -0.998451 -0.0434054    13.6163
-0.0617272 -0.0412015   0.997242   0.164486
         0          0          0          1
T_world_lidar: 
 -0.997486  0.0373821 -0.0601978    -2.4957
-0.0347988  -0.998451 -0.0434054    13.6163
-0.0617272 -0.0412015   0.997242   0.164486
         0          0          0          1
v_world_imu: -0.849338 -0.139125 0.0785872
frame_34
id: 3886
stamp: 1773413956.496429443
T_odom_lidar: 
 -0.997157  0.0511044 -0.0553735   -2.57066
-0.0495736  -0.998359 -0.0286754    13.6078
 -0.056748 -0.0258488   0.998054   0.168309
         0          0          0          1
T_world_lidar: 
 -0.997157  0.0511044 -0.0553735   -2.57066
-0.0495736  -0.998359 -0.0286754    13.6078
 -0.056748 -0.0258488   0.998054   0.168309
         0          0          0          1
v_world_imu:  -0.660943 -0.0553843 -0.0308738
frame_35
id: 3887
stamp: 1773413956.596381903
T_odom_lidar: 
  -0.99577  0.0601371  -0.069473   -2.63773
-0.0612176  -0.998033  0.0135284    13.6074
-0.0685228  0.0177241   0.997492   0.161161
         0          0          0          1
T_world_lidar: 
  -0.99577  0.0601371  -0.069473   -2.63773
-0.0612176  -0.998033  0.0135284    13.6074
-0.0685228  0.0177241   0.997492   0.161161
         0          0          0          1
v_world_imu:  -0.729749 -0.0273641  -0.117427
frame_36
id: 3888
stamp: 1773413956.696624994
T_odom_lidar: 
 -0.994644  0.0621824 -0.0825643    -2.7107
-0.0640874  -0.997731  0.0206241    13.5973
-0.0810945   0.025805   0.996372   0.149782
         0          0          0          1
T_world_lidar: 
 -0.994644  0.0621824 -0.0825643    -2.7107
-0.0640874  -0.997731  0.0206241    13.5973
-0.0810945   0.025805   0.996372   0.149782
         0          0          0          1
v_world_imu:  -0.600355  -0.135266 -0.0142549
frame_37
id: 3889
stamp: 1773413956.797074080
T_odom_lidar: 
  -0.996459    0.047597  -0.0693041    -2.76467
 -0.0472973   -0.998863 -0.00595906     13.5925
 -0.0695089 -0.00266006    0.997578    0.152997
          0           0           0           1
T_world_lidar: 
  -0.996459    0.047597  -0.0693041    -2.76467
 -0.0472973   -0.998863 -0.00595906     13.5925
 -0.0695089 -0.00266006    0.997578    0.152997
          0           0           0           1
v_world_imu:  -0.533266 -0.0707402 -0.0147057
frame_38
id: 3890
stamp: 1773413956.897349834
T_odom_lidar: 
 -0.996117   0.050527 -0.0720922   -2.81402
-0.0483534  -0.998331 -0.0315847    13.5872
-0.0735677 -0.0279762   0.996898   0.146252
         0          0          0          1
T_world_lidar: 
 -0.996117   0.050527 -0.0720922   -2.81402
-0.0483534  -0.998331 -0.0315847    13.5872
-0.0735677 -0.0279762   0.996898   0.146252
         0          0          0          1
v_world_imu: -0.514817  -0.06032 -0.108478
frame_39
id: 3891
stamp: 1773413956.997321844
T_odom_lidar: 
 -0.995531  0.0452944 -0.0828642   -2.86826
-0.0411727   -0.99786 -0.0507912    13.5811
-0.0849875 -0.0471524   0.995266   0.138509
         0          0          0          1
T_world_lidar: 
 -0.995531  0.0452944 -0.0828642   -2.86826
-0.0411727   -0.99786 -0.0507912    13.5811
-0.0849875 -0.0471524   0.995266   0.138509
         0          0          0          1
v_world_imu:  -0.583563 -0.0568836  -0.068859
frame_40
id: 3892
stamp: 1773413957.096987963
T_odom_lidar: 
  -0.99464  0.0556311 -0.0871521   -2.92562
-0.0512057  -0.997322 -0.0522176    13.5763
-0.0898236  -0.047475   0.994826   0.134464
         0          0          0          1
T_world_lidar: 
  -0.99464  0.0556311 -0.0871521   -2.92562
-0.0512057  -0.997322 -0.0522176    13.5763
-0.0898236  -0.047475   0.994826   0.134464
         0          0          0          1
v_world_imu:  -0.532646 -0.0911499  0.0302917
frame_41
id: 3893
stamp: 1773413957.196768761
T_odom_lidar: 
 -0.994878  0.0716151 -0.0713413   -2.97262
-0.0700706  -0.997255 -0.0239251    13.5737
-0.0728589 -0.0188037   0.997165   0.134676
         0          0          0          1
T_world_lidar: 
 -0.994878  0.0716151 -0.0713413   -2.97262
-0.0700706  -0.997255 -0.0239251    13.5737
-0.0728589 -0.0188037   0.997165   0.134676
         0          0          0          1
v_world_imu:  -0.434897   0.017728 -0.0440094
frame_42
id: 3894
stamp: 1773413957.296565056
T_odom_lidar: 
 -0.994314  0.0838902 -0.0655905   -3.01866
-0.0846454  -0.996372 0.00881724    13.5785
-0.0646129   0.014319   0.997808   0.133145
         0          0          0          1
T_world_lidar: 
 -0.994314  0.0838902 -0.0655905   -3.01866
-0.0846454  -0.996372 0.00881724    13.5785
-0.0646129   0.014319   0.997808   0.133145
         0          0          0          1
v_world_imu:   -0.519689   0.0776266 -0.00507303
frame_43
id: 3895
stamp: 1773413957.396531105
T_odom_lidar: 
 -0.994718  0.0803024 -0.0639325   -3.07417
-0.0827758   -0.99588  0.0370224    13.5838
-0.0606961  0.0421189   0.997267   0.133235
         0          0          0          1
T_world_lidar: 
 -0.994718  0.0803024 -0.0639325   -3.07417
-0.0827758   -0.99588  0.0370224    13.5838
-0.0606961  0.0421189   0.997267   0.133235
         0          0          0          1
v_world_imu: -0.596346 0.0264362 0.0160713
frame_44
id: 3896
stamp: 1773413957.496790886
T_odom_lidar: 
 -0.994729  0.0696822 -0.0752177   -3.12979
-0.0723699  -0.996811  0.0336151    13.5852
-0.0726354  0.0388814     0.9966   0.138225
         0          0          0          1
T_world_lidar: 
 -0.994729  0.0696822 -0.0752177   -3.12979
-0.0723699  -0.996811  0.0336151    13.5852
-0.0726354  0.0388814     0.9966   0.138225
         0          0          0          1
v_world_imu:  -0.470706 -0.0402075   0.125813
frame_45
id: 3897
stamp: 1773413957.596698999
T_odom_lidar: 
 -0.994678  0.0724572 -0.0732525    -3.1736
-0.0740556  -0.997067  0.0193409    13.5787
-0.0716363  0.0246627   0.997126   0.143444
         0          0          0          1
T_world_lidar: 
 -0.994678  0.0724572 -0.0732525    -3.1736
-0.0740556  -0.997067  0.0193409    13.5787
-0.0716363  0.0246627   0.997126   0.143444
         0          0          0          1
v_world_imu:  -0.431234 -0.0710828  0.0759794
frame_46
id: 3898
stamp: 1773413957.696673870
T_odom_lidar: 
 -0.995895  0.0624448 -0.0655255    -3.2167
-0.0627154  -0.998029 0.00207991    13.5725
-0.0652665 0.00618083   0.997849   0.147231
         0          0          0          1
T_world_lidar: 
 -0.995895  0.0624448 -0.0655255    -3.2167
-0.0627154  -0.998029 0.00207991    13.5725
-0.0652665 0.00618083   0.997849   0.147231
         0          0          0          1
v_world_imu:  -0.462171 -0.0574624 -0.0321806
frame_47
id: 3899
stamp: 1773413957.796490908
T_odom_lidar: 
  -0.996042   0.0588289  -0.0666266    -3.26699
 -0.0584136   -0.998259 -0.00816631     13.5686
  -0.066991 -0.00424209    0.997745    0.139567
          0           0           0           1
T_world_lidar: 
  -0.996042   0.0588289  -0.0666266    -3.26699
 -0.0584136   -0.998259 -0.00816631     13.5686
  -0.066991 -0.00424209    0.997745    0.139567
          0           0           0           1
v_world_imu:  -0.497813 -0.0505694 -0.0865368
frame_48
id: 3900
stamp: 1773413957.896570683
T_odom_lidar: 
 -0.995989  0.0755283 -0.0479797   -3.31178
-0.0749426  -0.997091 -0.0138943    13.5613
-0.0488895 -0.0102429   0.998752   0.138278
         0          0          0          1
T_world_lidar: 
 -0.995989  0.0755283 -0.0479797   -3.31178
-0.0749426  -0.997091 -0.0138943    13.5613
-0.0488895 -0.0102429   0.998752   0.138278
         0          0          0          1
v_world_imu:  -0.414704 -0.0246387 -0.0472118
frame_49
id: 3901
stamp: 1773413957.996082306
T_odom_lidar: 
 -0.995317  0.0829192 -0.0496922   -3.35168
-0.0839158  -0.996305  0.0183134     13.558
-0.0479901  0.0223976   0.998597   0.131688
         0          0          0          1
T_world_lidar: 
 -0.995317  0.0829192 -0.0496922   -3.35168
-0.0839158  -0.996305  0.0183134     13.558
-0.0479901  0.0223976   0.998597   0.131688
         0          0          0          1
v_world_imu:  -0.377666 -0.0412903  0.0029924
frame_50
id: 3902
stamp: 1773413958.096481800
T_odom_lidar: 
 -0.994414  0.0936438 -0.0486974   -3.39342
-0.0953864  -0.994833  0.0347796    13.5552
-0.0451888  0.0392304   0.998208    0.12851
         0          0          0          1
T_world_lidar: 
 -0.994414  0.0936438 -0.0486974   -3.39342
-0.0953864  -0.994833  0.0347796    13.5552
-0.0451888  0.0392304   0.998208    0.12851
         0          0          0          1
v_world_imu:  -0.478058 -0.0293185  -0.071955
frame_51
id: 3903
stamp: 1773413958.196648836
T_odom_lidar: 
 -0.994038  0.0930624 -0.0568143   -3.44525
-0.0950601  -0.994907  0.0335294    13.5534
-0.0534046  0.0387303   0.997822   0.118489
         0          0          0          1
T_world_lidar: 
 -0.994038  0.0930624 -0.0568143   -3.44525
-0.0950601  -0.994907  0.0335294    13.5534
-0.0534046  0.0387303   0.997822   0.118489
         0          0          0          1
v_world_imu: -0.508158 0.0264222  0.036236
frame_52
id: 3904
stamp: 1773413958.296808243
T_odom_lidar: 
 -0.996024  0.0734802 -0.0503647   -3.49343
-0.0742202  -0.997157  0.0129815    13.5515
-0.0492676   0.016668   0.998647     0.1353
         0          0          0          1
T_world_lidar: 
 -0.996024  0.0734802 -0.0503647   -3.49343
-0.0742202  -0.997157  0.0129815    13.5515
-0.0492676   0.016668   0.998647     0.1353
         0          0          0          1
v_world_imu: -0.477831 -0.092346  0.172678
frame_53
id: 3905
stamp: 1773413958.396644592
T_odom_lidar: 
  -0.995348   0.0845452  -0.0462006    -3.53877
 -0.0842136   -0.996406 -0.00908197     13.5445
 -0.0468024   -0.005149    0.998891    0.143035
          0           0           0           1
T_world_lidar: 
  -0.995348   0.0845452  -0.0462006    -3.53877
 -0.0842136   -0.996406 -0.00908197     13.5445
 -0.0468024   -0.005149    0.998891    0.143035
          0           0           0           1
v_world_imu:  -0.463061 -0.0575382 0.00735902
frame_54
id: 3906
stamp: 1773413958.496630192
T_odom_lidar: 
 -0.996252   0.075674 -0.0418981   -3.58865
-0.0744503  -0.996772 -0.0300376    13.5363
 -0.044036 -0.0268057    0.99867   0.139246
         0          0          0          1
T_world_lidar: 
 -0.996252   0.075674 -0.0418981   -3.58865
-0.0744503  -0.996772 -0.0300376    13.5363
 -0.044036 -0.0268057    0.99867   0.139246
         0          0          0          1
v_world_imu:  -0.548948  -0.107558 -0.0937455
frame_55
id: 3907
stamp: 1773413958.596181154
T_odom_lidar: 
 -0.994537  0.0834706 -0.0626842   -3.64708
-0.0813352  -0.996041 -0.0358815     13.525
-0.0654311 -0.0305871   0.997388   0.124689
         0          0          0          1
T_world_lidar: 
 -0.994537  0.0834706 -0.0626842   -3.64708
-0.0813352  -0.996041 -0.0358815     13.525
-0.0654311 -0.0305871   0.997388   0.124689
         0          0          0          1
v_world_imu: -0.599493 -0.122826 -0.144901
frame_56
id: 3908
stamp: 1773413958.695867777
T_odom_lidar: 
 -0.993025   0.102424 -0.0583927   -3.69818
 -0.101493   -0.99466  -0.018707    13.5187
-0.0599969 -0.0126501   0.998118   0.134057
         0          0          0          1
T_world_lidar: 
 -0.993025   0.102424 -0.0583927   -3.69818
 -0.101493   -0.99466  -0.018707    13.5187
-0.0599969 -0.0126501   0.998118   0.134057
         0          0          0          1
v_world_imu:   -0.503868 -0.00482035   0.0553613
frame_57
id: 3909
stamp: 1773413958.795735598
T_odom_lidar: 
 -0.992511   0.111569 -0.0497358   -3.74979
 -0.112502  -0.993517  0.0163751    13.5164
-0.0475864  0.0218479   0.998628   0.137691
         0          0          0          1
T_world_lidar: 
 -0.992511   0.111569 -0.0497358   -3.74979
 -0.112502  -0.993517  0.0163751    13.5164
-0.0475864  0.0218479   0.998628   0.137691
         0          0          0          1
v_world_imu:  -0.538584 -0.0146213  0.0764928
frame_58
id: 3910
stamp: 1773413958.896263361
T_odom_lidar: 
 -0.993305   0.102722 -0.0528442   -3.80828
 -0.103301  -0.994615 0.00835231    13.5144
-0.0517017  0.0137553   0.998568   0.129019
         0          0          0          1
T_world_lidar: 
 -0.993305   0.102722 -0.0528442   -3.80828
 -0.103301  -0.994615 0.00835231    13.5144
-0.0517017  0.0137553   0.998568   0.129019
         0          0          0          1
v_world_imu:   -0.60883 -0.0488067  -0.131607
frame_59
id: 3911
stamp: 1773413958.996565104
T_odom_lidar: 
 -0.994358   0.102053 -0.0289363   -3.86223
 -0.102565  -0.994585  0.0167723    13.5121
 -0.027068  0.0196456   0.999441   0.140338
         0          0          0          1
T_world_lidar: 
 -0.994358   0.102053 -0.0289363   -3.86223
 -0.102565  -0.994585  0.0167723    13.5121
 -0.027068  0.0196456   0.999441   0.140338
         0          0          0          1
v_world_imu:  -0.557888 -0.0198754   0.195657
frame_60
id: 3912
stamp: 1773413959.096631765
T_odom_lidar: 
    -0.99408     0.104273    -0.030529     -3.91781
   -0.104213    -0.994549  -0.00354569      13.5053
  -0.0307323 -0.000343173     0.999528     0.145064
           0            0            0            1
T_world_lidar: 
    -0.99408     0.104273    -0.030529     -3.91781
   -0.104213    -0.994549  -0.00354569      13.5053
  -0.0307323 -0.000343173     0.999528     0.145064
           0            0            0            1
v_world_imu:  -0.533468 -0.0692001 -0.0396568
frame_61
id: 3913
stamp: 1773413959.196566343
T_odom_lidar: 
 -0.994532  0.0972167   -0.03814   -3.97467
-0.0966699  -0.995189 -0.0159317    13.4976
-0.0395053 -0.0121576   0.999145   0.137635
         0          0          0          1
T_world_lidar: 
 -0.994532  0.0972167   -0.03814   -3.97467
-0.0966699  -0.995189 -0.0159317    13.4976
-0.0395053 -0.0121576   0.999145   0.137635
         0          0          0          1
v_world_imu:  -0.620859 -0.0698344 -0.0704133
frame_62
id: 3914
stamp: 1773413959.296495676
T_odom_lidar: 
 -0.993329   0.103407 -0.0510268   -4.03928
  -0.10183  -0.994268 -0.0325973    13.4904
-0.0541051 -0.0271838   0.998165   0.130672
         0          0          0          1
T_world_lidar: 
 -0.993329   0.103407 -0.0510268   -4.03928
  -0.10183  -0.994268 -0.0325973    13.4904
-0.0541051 -0.0271838   0.998165   0.130672
         0          0          0          1
v_world_imu:  -0.601779 -0.0901649  0.0406711
frame_63
id: 3915
stamp: 1773413959.396389961
T_odom_lidar: 
  -0.993013    0.110316  -0.0419119    -4.09304
   -0.11044   -0.993883 0.000660821     13.4846
 -0.0415826  0.00528496    0.999121    0.136195
          0           0           0           1
T_world_lidar: 
  -0.993013    0.110316  -0.0419119    -4.09304
   -0.11044   -0.993883 0.000660821     13.4846
 -0.0415826  0.00528496    0.999121    0.136195
          0           0           0           1
v_world_imu:  -0.539583 -0.0380749  -0.061855
frame_64
id: 3916
stamp: 1773413959.496122360
T_odom_lidar: 
  -0.99159   0.123631 -0.0382582   -4.14655
  -0.12504  -0.991465  0.0369084    13.4806
-0.0333686  0.0413818   0.998586   0.128374
         0          0          0          1
T_world_lidar: 
  -0.99159   0.123631 -0.0382582   -4.14655
  -0.12504  -0.991465  0.0369084    13.4806
-0.0333686  0.0413818   0.998586   0.128374
         0          0          0          1
v_world_imu:   -0.55512 -0.0219164  -0.125773
frame_65
id: 3917
stamp: 1773413959.596526861
T_odom_lidar: 
 -0.992006   0.115583 -0.0506431   -4.20598
 -0.117311   -0.99256  0.0325963    13.4754
-0.0464988  0.0382768   0.998185   0.122314
         0          0          0          1
T_world_lidar: 
 -0.992006   0.115583 -0.0506431   -4.20598
 -0.117311   -0.99256  0.0325963    13.4754
-0.0464988  0.0382768   0.998185   0.122314
         0          0          0          1
v_world_imu:  -0.605449 -0.0840543 -0.0335176
frame_66
id: 3918
stamp: 1773413959.696629763
T_odom_lidar: 
 -0.993673   0.105245 -0.0392026   -4.26441
 -0.106173  -0.994095  0.0224065      13.47
-0.0366129  0.0264271    0.99898   0.138593
         0          0          0          1
T_world_lidar: 
 -0.993673   0.105245 -0.0392026   -4.26441
 -0.106173  -0.994095  0.0224065      13.47
-0.0366129  0.0264271    0.99898   0.138593
         0          0          0          1
v_world_imu:  -0.596284 -0.0660203   0.246137
frame_67
id: 3919
stamp: 1773413959.796470404
T_odom_lidar: 
  -0.992346    0.116698   -0.040383     -4.3218
  -0.116743   -0.993161 -0.00123095     13.4595
 -0.0402505  0.00349293    0.999184    0.140238
          0           0           0           1
T_world_lidar: 
  -0.992346    0.116698   -0.040383     -4.3218
  -0.116743   -0.993161 -0.00123095     13.4595
 -0.0402505  0.00349293    0.999184    0.140238
          0           0           0           1
v_world_imu:  -0.551777  -0.105651 -0.0796287
frame_68
id: 3920
stamp: 1773413959.896445751
T_odom_lidar: 
 -0.993459   0.105919 -0.0426741   -4.38136
 -0.105162  -0.994261 -0.0196261    13.4493
 -0.044508   -0.01501   0.998896   0.130422
         0          0          0          1
T_world_lidar: 
 -0.993459   0.105919 -0.0426741   -4.38136
 -0.105162  -0.994261 -0.0196261    13.4493
 -0.044508   -0.01501   0.998896   0.130422
         0          0          0          1
v_world_imu:  -0.639345 -0.0981927  -0.064495
frame_69
id: 3921
stamp: 1773413959.996148586
T_odom_lidar: 
 -0.992282   0.115107 -0.0461113   -4.44844
  -0.11351  -0.992888 -0.0358903    13.4405
-0.0499146 -0.0303793   0.998291   0.124019
         0          0          0          1
T_world_lidar: 
 -0.992282   0.115107 -0.0461113   -4.44844
  -0.11351  -0.992888 -0.0358903    13.4405
-0.0499146 -0.0303793   0.998291   0.124019
         0          0          0          1
v_world_imu: -0.621139 -0.115337 0.0821665
frame_70
id: 3922
stamp: 1773413960.096165895
T_odom_lidar: 
  -0.991324    0.124516   -0.042096    -4.50373
  -0.124228   -0.992209 -0.00939767     13.4319
 -0.0429382 -0.00408662    0.999069     0.13765
          0           0           0           1
T_world_lidar: 
  -0.991324    0.124516   -0.042096    -4.50373
  -0.124228   -0.992209 -0.00939767     13.4319
 -0.0429382 -0.00408662    0.999069     0.13765
          0           0           0           1
v_world_imu:  -0.509517 -0.0332254  0.0700003
frame_71
id: 3923
stamp: 1773413960.196056366
T_odom_lidar: 
 -0.989151   0.141304 -0.0401707   -4.55666
  -0.14233   -0.98953    0.02393    13.4269
-0.0363687  0.0293879   0.998906   0.142813
         0          0          0          1
T_world_lidar: 
 -0.989151   0.141304 -0.0401707   -4.55666
  -0.14233   -0.98953    0.02393    13.4269
-0.0363687  0.0293879   0.998906   0.142813
         0          0          0          1
v_world_imu:   -0.57301 -0.0673263  -0.101119
frame_72
id: 3924
stamp: 1773413960.296207190
T_odom_lidar: 
 -0.989168   0.137405 -0.0516362   -4.61755
 -0.138446  -0.990222  0.0171381    13.4167
-0.0487764  0.0241013   0.998519   0.133981
         0          0          0          1
T_world_lidar: 
 -0.989168   0.137405 -0.0516362   -4.61755
 -0.138446  -0.990222  0.0171381    13.4167
-0.0487764  0.0241013   0.998519   0.133981
         0          0          0          1
v_world_imu: -0.630172 -0.146361 -0.104478
frame_73
id: 3925
stamp: 1773413960.396716356
T_odom_lidar: 
 -0.992148   0.122059 -0.0272573   -4.67486
 -0.122242  -0.992487 0.00512949    13.4073
-0.0264264  0.0084212   0.999615   0.143993
         0          0          0          1
T_world_lidar: 
 -0.992148   0.122059 -0.0272573   -4.67486
 -0.122242  -0.992487 0.00512949    13.4073
-0.0264264  0.0084212   0.999615   0.143993
         0          0          0          1
v_world_imu:  -0.561277 -0.0747916   0.158254
frame_74
id: 3926
stamp: 1773413960.496753693
T_odom_lidar: 
 -0.990388   0.133177  -0.037354   -4.73142
 -0.132402   -0.99094 -0.0225197    13.3956
-0.0400147 -0.0173575   0.999048   0.148984
         0          0          0          1
T_world_lidar: 
 -0.990388   0.133177  -0.037354   -4.73142
 -0.132402   -0.99094 -0.0225197    13.3956
-0.0400147 -0.0173575   0.999048   0.148984
         0          0          0          1
v_world_imu:  -0.581531  -0.129162 0.00977329
frame_75
id: 3927
stamp: 1773413960.596965075
T_odom_lidar: 
 -0.991277   0.125009 -0.0417453   -4.79373
   -0.1235  -0.991655 -0.0369779    13.3835
-0.0460195 -0.0314998   0.998444   0.140181
         0          0          0          1
T_world_lidar: 
 -0.991277   0.125009 -0.0417453   -4.79373
   -0.1235  -0.991655 -0.0369779    13.3835
-0.0460195 -0.0314998   0.998444   0.140181
         0          0          0          1
v_world_imu: -0.645727  -0.11344 -0.153346
frame_76
id: 3928
stamp: 1773413960.696742535
T_odom_lidar: 
 -0.989785    0.13349 -0.0500574   -4.86021
 -0.131137  -0.990217 -0.0476744     13.374
-0.0559318  -0.040623   0.997608   0.129319
         0          0          0          1
T_world_lidar: 
 -0.989785    0.13349 -0.0500574   -4.86021
 -0.131137  -0.990217 -0.0476744     13.374
-0.0559318  -0.040623   0.997608   0.129319
         0          0          0          1
v_world_imu:  -0.639562 -0.0776726  0.0685784
frame_77
id: 3929
stamp: 1773413960.796519995
T_odom_lidar: 
   -0.98923    0.139551  -0.0441633    -4.92013
  -0.139209   -0.990205  -0.0107398      13.367
 -0.0452295 -0.00447616    0.998967    0.143045
          0           0           0           1
T_world_lidar: 
   -0.98923    0.139551  -0.0441633    -4.92013
  -0.139209   -0.990205  -0.0107398      13.367
 -0.0452295 -0.00447616    0.998967    0.143045
          0           0           0           1
v_world_imu:  -0.579475 -0.0400077  0.0511552
frame_78
id: 3930
stamp: 1773413960.896633148
T_odom_lidar: 
 -0.987848   0.149826 -0.0413235   -4.97997
  -0.15057  -0.988478  0.0155119    13.3628
-0.0385233  0.0215455   0.999025   0.139962
         0          0          0          1
T_world_lidar: 
 -0.987848   0.149826 -0.0413235   -4.97997
  -0.15057  -0.988478  0.0155119    13.3628
-0.0385233  0.0215455   0.999025   0.139962
         0          0          0          1
v_world_imu:  -0.637755 -0.0236016  -0.133514
frame_79
id: 3931
stamp: 1773413960.996553183
T_odom_lidar: 
 -0.988492   0.145656 -0.0408343   -5.04614
 -0.146761  -0.988843  0.0255028    13.3578
-0.0366641  0.0312022    0.99884   0.128947
         0          0          0          1
T_world_lidar: 
 -0.988492   0.145656 -0.0408343   -5.04614
 -0.146761  -0.988843  0.0255028    13.3578
-0.0366641  0.0312022    0.99884   0.128947
         0          0          0          1
v_world_imu:   -0.630469 -0.00890809  0.00375838
frame_80
id: 3932
stamp: 1773413961.096574783
T_odom_lidar: 
  -0.989752    0.134367  -0.0483273    -5.10778
   -0.13424   -0.990931 -0.00588079     13.3519
 -0.0486792 0.000666946    0.998814    0.140383
          0           0           0           1
T_world_lidar: 
  -0.989752    0.134367  -0.0483273    -5.10778
   -0.13424   -0.990931 -0.00588079     13.3519
 -0.0486792 0.000666946    0.998814    0.140383
          0           0           0           1
v_world_imu:  -0.63394 -0.133371  0.157927
frame_81
id: 3933
