id: 1
T_world_origin: 
  0.999554  0.0206583  0.0215581   -13.2599
-0.0199173   0.999222 -0.0340391   -1.56944
-0.0222446  0.0335946   0.999188  -0.387053
         0          0          0          1
T_origin_endpoint_L: 
 -0.200161   0.978777 -0.0439563   -12.0475
 -0.979428  -0.201064 -0.0171435   -7.38055
-0.0256177  0.0396206   0.998886  -0.548435
         0          0          0          1
T_origin_endpoint_R: 
  0.958448   0.284338 -0.0230145    20.1816
 -0.284861   0.958268 -0.0240187  -0.661848
 0.0152246  0.0295766   0.999447   0.961453
         0          0          0          1
T_lidar_imu: 
     1      0      0  0.006
     0      1      0 -0.012
     0      0      1  0.008
     0      0      0      1
imu_bias:   0.0221401  0.00229622  -0.0341231  -0.0028078  -0.0024323 -0.00396947
frame_id: 2
num_frames: 1110
frame_0
id: 2125
stamp: 1773413780.398689270
T_odom_lidar: 
 -0.219762   0.975169 -0.0273879   -25.4621
  -0.97404  -0.220898 -0.0494982   -8.70908
 -0.054319  0.0157991   0.998399  -0.925954
         0          0          0          1
T_world_lidar: 
 -0.219762   0.975169 -0.0273879   -25.4621
  -0.97404  -0.220898 -0.0494982   -8.70908
 -0.054319  0.0157991   0.998399  -0.925954
         0          0          0          1
v_world_imu: -0.131079 -0.475839  0.043935
frame_1
id: 2126
stamp: 1773413780.498316526
T_odom_lidar: 
 -0.206831   0.977046 -0.0510156   -25.4721
 -0.977074  -0.208965 -0.0407562   -8.75817
-0.0504811  0.0414164   0.997866  -0.925929
         0          0          0          1
T_world_lidar: 
 -0.206831   0.977046 -0.0510156   -25.4721
 -0.977074  -0.208965 -0.0407562   -8.75817
-0.0504811  0.0414164   0.997866  -0.925929
         0          0          0          1
v_world_imu:  -0.120491  -0.536146 -0.0554634
frame_2
id: 2127
stamp: 1773413780.598429203
T_odom_lidar: 
 -0.209073   0.977115  -0.039164   -25.4832
 -0.976904    -0.2105 -0.0367211   -8.81598
-0.0441248   0.030582   0.998558  -0.934285
         0          0          0          1
T_world_lidar: 
 -0.209073   0.977115  -0.039164   -25.4832
 -0.976904    -0.2105 -0.0367211   -8.81598
-0.0441248   0.030582   0.998558  -0.934285
         0          0          0          1
v_world_imu:  -0.0934217   -0.549217 -0.00847642
frame_3
id: 2128
stamp: 1773413780.698874235
T_odom_lidar: 
 -0.220429   0.975285 -0.0151932   -25.4888
 -0.974565  -0.220858 -0.0380119    -8.8693
 -0.040428 0.00642785   0.999162  -0.929705
         0          0          0          1
T_world_lidar: 
 -0.220429   0.975285 -0.0151932   -25.4888
 -0.974565  -0.220858 -0.0380119    -8.8693
 -0.040428 0.00642785   0.999162  -0.929705
         0          0          0          1
v_world_imu: -0.0493185  -0.541414 -0.0158675
frame_4
id: 2129
stamp: 1773413780.799206257
T_odom_lidar: 
  -0.214671    0.976663 -0.00674402    -25.5004
  -0.975501   -0.214745  -0.0477713    -8.92259
 -0.0481047  -0.0036763    0.998836   -0.933289
          0           0           0           1
T_world_lidar: 
  -0.214671    0.976663 -0.00674402    -25.5004
  -0.975501   -0.214745  -0.0477713    -8.92259
 -0.0481047  -0.0036763    0.998836   -0.933289
          0           0           0           1
v_world_imu:  -0.103157  -0.538939 -0.0316026
frame_5
id: 2130
stamp: 1773413780.899652719
T_odom_lidar: 
 -0.222438   0.974927 0.00623816   -25.5097
 -0.973056  -0.221604 -0.0636677   -8.98062
-0.0606889 -0.0202322   0.997952  -0.938016
         0          0          0          1
T_world_lidar: 
 -0.222438   0.974927 0.00623816   -25.5097
 -0.973056  -0.221604 -0.0636677   -8.98062
-0.0606889 -0.0202322   0.997952  -0.938016
         0          0          0          1
v_world_imu:  -0.107531  -0.627932 -0.0645388
frame_6
id: 2131
stamp: 1773413780.999831676
T_odom_lidar: 
 -0.217509   0.976058 0.00117281   -25.5218
 -0.973677  -0.216894 -0.0700697   -9.04559
-0.0681377 -0.0163827   0.997541  -0.939893
         0          0          0          1
T_world_lidar: 
 -0.217509   0.976058 0.00117281   -25.5218
 -0.973677  -0.216894 -0.0700697   -9.04559
-0.0681377 -0.0163827   0.997541  -0.939893
         0          0          0          1
v_world_imu:  -0.09993 -0.623411 0.0705561
frame_7
id: 2132
stamp: 1773413781.099842072
T_odom_lidar: 
 -0.200028   0.979485 -0.0244478   -25.5317
 -0.978439     -0.201 -0.0475014   -9.10373
-0.0514409  0.0144191   0.998572   -0.93842
         0          0          0          1
T_world_lidar: 
 -0.200028   0.979485 -0.0244478   -25.5317
 -0.978439     -0.201 -0.0475014   -9.10373
-0.0514409  0.0144191   0.998572   -0.93842
         0          0          0          1
v_world_imu:  -0.142903  -0.568262 -0.0391104
frame_8
id: 2133
stamp: 1773413781.199605703
T_odom_lidar: 
 -0.194021   0.979487 -0.0544248   -25.5488
 -0.979812  -0.196214 -0.0383238   -9.15974
-0.0482166  0.0458905   0.997782   -0.94653
         0          0          0          1
T_world_lidar: 
 -0.194021   0.979487 -0.0544248   -25.5488
 -0.979812  -0.196214 -0.0383238   -9.15974
-0.0482166  0.0458905   0.997782   -0.94653
         0          0          0          1
v_world_imu:  -0.165486  -0.594844 -0.0719141
frame_9
id: 2134
stamp: 1773413781.299619675
T_odom_lidar: 
 -0.195868   0.978797 -0.0599403   -25.5667
 -0.979018  -0.198684  -0.045257   -9.22245
-0.0562066  0.0498183   0.997175  -0.949025
         0          0          0          1
T_world_lidar: 
 -0.195868   0.978797 -0.0599403   -25.5667
 -0.979018  -0.198684  -0.045257   -9.22245
-0.0562066  0.0498183   0.997175  -0.949025
         0          0          0          1
v_world_imu: -0.235966 -0.614035  0.133428
frame_10
id: 2135
stamp: 1773413781.399597883
T_odom_lidar: 
 -0.204752   0.978548 -0.0228036   -25.5817
 -0.977095  -0.205717 -0.0544538   -9.28598
-0.0579767  0.0111318   0.998256  -0.937577
         0          0          0          1
T_world_lidar: 
 -0.204752   0.978548 -0.0228036   -25.5817
 -0.977095  -0.205717 -0.0544538   -9.28598
-0.0579767  0.0111318   0.998256  -0.937577
         0          0          0          1
v_world_imu: -0.0995455   -0.65881  0.0119973
frame_11
id: 2136
stamp: 1773413781.499539137
T_odom_lidar: 
 -0.203442    0.97891 -0.0186103   -25.5914
  -0.97719  -0.204194 -0.0583454   -9.34765
 -0.060915 0.00631592   0.998123  -0.940105
         0          0          0          1
T_world_lidar: 
 -0.203442    0.97891 -0.0186103   -25.5914
  -0.97719  -0.204194 -0.0583454   -9.34765
 -0.060915 0.00631592   0.998123  -0.940105
         0          0          0          1
v_world_imu:  -0.157518  -0.626752 -0.0410486
frame_12
id: 2137
stamp: 1773413781.599454165
T_odom_lidar: 
  -0.20128   0.979236 -0.0241659   -25.6104
 -0.976942   -0.20248 -0.0677267   -9.41109
-0.0712136 0.00997663   0.997411  -0.953794
         0          0          0          1
T_world_lidar: 
  -0.20128   0.979236 -0.0241659   -25.6104
 -0.976942   -0.20248 -0.0677267   -9.41109
-0.0712136 0.00997663   0.997411  -0.953794
         0          0          0          1
v_world_imu: -0.244794 -0.640678 -0.185788
frame_13
id: 2138
stamp: 1773413781.699674845
T_odom_lidar: 
 -0.187464   0.982182 -0.0132638   -25.6181
 -0.981094  -0.187883 -0.0464185   -9.47089
-0.0480834 0.00431129   0.998834  -0.946948
         0          0          0          1
T_world_lidar: 
 -0.187464   0.982182 -0.0132638   -25.6181
 -0.981094  -0.187883 -0.0464185   -9.47089
-0.0480834 0.00431129   0.998834  -0.946948
         0          0          0          1
v_world_imu: -0.0744904  -0.585713  0.0477818
frame_14
id: 2139
stamp: 1773413781.799753666
T_odom_lidar: 
 -0.178701   0.982476 -0.0529843   -25.6278
 -0.982885  -0.180706 -0.0358048   -9.52745
-0.0447519  0.0456791   0.997953  -0.950121
         0          0          0          1
T_world_lidar: 
 -0.178701   0.982476 -0.0529843   -25.6278
 -0.982885  -0.180706 -0.0358048   -9.52745
-0.0447519  0.0456791   0.997953  -0.950121
         0          0          0          1
v_world_imu: -0.107314 -0.574748 -0.161333
frame_15
id: 2140
stamp: 1773413781.900191784
T_odom_lidar: 
 -0.181041   0.982403 -0.0459222   -25.6369
  -0.98212  -0.183045  -0.043979   -9.59122
 -0.051611  0.0371391   0.997976  -0.961629
         0          0          0          1
T_world_lidar: 
 -0.181041   0.982403 -0.0459222   -25.6369
  -0.98212  -0.183045  -0.043979   -9.59122
 -0.051611  0.0371391   0.997976  -0.961629
         0          0          0          1
v_world_imu: -0.0445933  -0.699384  -0.132437
frame_16
id: 2141
stamp: 1773413782.000356674
T_odom_lidar: 
 -0.182392   0.982888 -0.0257854   -25.6452
 -0.982304  -0.183293  -0.038507   -9.65361
-0.0425744  0.0183057   0.998926  -0.952472
         0          0          0          1
T_world_lidar: 
 -0.182392   0.982888 -0.0257854   -25.6452
 -0.982304  -0.183293  -0.038507   -9.65361
-0.0425744  0.0183057   0.998926  -0.952472
         0          0          0          1
v_world_imu: -0.121276  -0.60262   0.15169
frame_17
id: 2142
stamp: 1773413782.100231647
T_odom_lidar: 
   -0.184689     0.982762  -0.00833853     -25.6513
   -0.981679    -0.184877   -0.0461268     -9.71623
  -0.0468733 -0.000333347     0.998901    -0.946749
           0            0            0            1
T_world_lidar: 
   -0.184689     0.982762  -0.00833853     -25.6513
   -0.981679    -0.184877   -0.0461268     -9.71623
  -0.0468733 -0.000333347     0.998901    -0.946749
           0            0            0            1
v_world_imu: -0.0388081  -0.601908 -0.0276331
frame_18
id: 2143
stamp: 1773413782.200112104
T_odom_lidar: 
  -0.19229   0.981321  0.0057358   -25.6573
 -0.979605    -0.1916 -0.0605232    -9.7821
-0.0582937 -0.0172568    0.99815  -0.955231
         0          0          0          1
T_world_lidar: 
  -0.19229   0.981321  0.0057358   -25.6573
 -0.979605    -0.1916 -0.0605232    -9.7821
-0.0582937 -0.0172568    0.99815  -0.955231
         0          0          0          1
v_world_imu: -0.0979717  -0.708293  -0.139716
frame_19
id: 2144
stamp: 1773413782.299705505
T_odom_lidar: 
 -0.186081   0.982422  0.0148676   -25.6713
 -0.980385  -0.184653 -0.0689051   -9.85599
-0.0649485 -0.0273979   0.997512  -0.968998
         0          0          0          1
T_world_lidar: 
 -0.186081   0.982422  0.0148676   -25.6713
 -0.980385  -0.184653 -0.0689051   -9.85599
-0.0649485 -0.0273979   0.997512  -0.968998
         0          0          0          1
v_world_imu: -0.0956469  -0.737108 -0.0416768
frame_20
id: 2145
stamp: 1773413782.399136305
T_odom_lidar: 
  -0.16887   0.985523 -0.0150666   -25.6814
 -0.984288  -0.169418 -0.0497366   -9.92119
-0.0515691 0.00643084   0.998649  -0.961268
         0          0          0          1
T_world_lidar: 
  -0.16887   0.985523 -0.0150666   -25.6814
 -0.984288  -0.169418 -0.0497366   -9.92119
-0.0515691 0.00643084   0.998649  -0.961268
         0          0          0          1
v_world_imu: -0.120687 -0.631232 0.0174949
frame_21
id: 2146
stamp: 1773413782.498804331
T_odom_lidar: 
 -0.150461    0.98753 -0.0463357   -25.6931
 -0.987347  -0.152476 -0.0435488   -9.98478
-0.0500708   0.039197   0.997976  -0.963663
         0          0          0          1
T_world_lidar: 
 -0.150461    0.98753 -0.0463357   -25.6931
 -0.987347  -0.152476 -0.0435488   -9.98478
-0.0500708   0.039197   0.997976  -0.963663
         0          0          0          1
v_world_imu: -0.115963 -0.691124 -0.101272
frame_22
id: 2147
stamp: 1773413782.598183632
T_odom_lidar: 
 -0.086464   0.994973 -0.0505226   -25.6914
 -0.994323 -0.0893422 -0.0577946   -10.0498
-0.0620178  0.0452386   0.997049  -0.974241
         0          0          0          1
T_world_lidar: 
 -0.086464   0.994973 -0.0505226   -25.6914
 -0.994323 -0.0893422 -0.0577946   -10.0498
-0.0620178  0.0452386   0.997049  -0.974241
         0          0          0          1
v_world_imu:  0.125217 -0.553677 0.0420775
frame_23
id: 2148
stamp: 1773413782.697692156
T_odom_lidar: 
0.00587536   0.999428 -0.0333117   -25.6728
 -0.998483 0.00403949 -0.0549137   -10.0982
-0.0547477  0.0335838   0.997935  -0.964217
         0          0          0          1
T_world_lidar: 
0.00587536   0.999428 -0.0333117   -25.6728
 -0.998483 0.00403949 -0.0549137   -10.0982
-0.0547477  0.0335838   0.997935  -0.964217
         0          0          0          1
v_world_imu:  0.266807 -0.413011 0.0699136
frame_24
id: 2149
stamp: 1773413782.798436165
T_odom_lidar: 
 0.0675756    0.99762  0.0136833   -25.6517
 -0.997146  0.0679935 -0.0328083   -10.1398
-0.0336606 -0.0114272   0.999368  -0.963155
         0          0          0          1
T_world_lidar: 
 0.0675756    0.99762  0.0136833   -25.6517
 -0.997146  0.0679935 -0.0328083   -10.1398
-0.0336606 -0.0114272   0.999368  -0.963155
         0          0          0          1
v_world_imu:  0.143915 -0.429492 0.0345874
frame_25
id: 2150
stamp: 1773413782.899452925
T_odom_lidar: 
  0.0782232    0.996913  0.00672141    -25.6403
  -0.996149   0.0784274  -0.0391894    -10.1858
 -0.0395955 -0.00363001    0.999209   -0.954958
          0           0           0           1
T_world_lidar: 
  0.0782232    0.996913  0.00672141    -25.6403
  -0.996149   0.0784274  -0.0391894    -10.1858
 -0.0395955 -0.00363001    0.999209   -0.954958
          0           0           0           1
v_world_imu:  0.031707 -0.491886  0.072214
frame_26
id: 2151
stamp: 1773413783.000121355
T_odom_lidar: 
  0.0898458    0.995919  0.00857007     -25.637
   -0.99558   0.0900449  -0.0266827    -10.2303
 -0.0273455 -0.00613486    0.999607   -0.951079
          0           0           0           1
T_world_lidar: 
  0.0898458    0.995919  0.00857007     -25.637
   -0.99558   0.0900449  -0.0266827    -10.2303
 -0.0273455 -0.00613486    0.999607   -0.951079
          0           0           0           1
v_world_imu: 0.0083069 -0.430528  0.029573
frame_27
id: 2152
stamp: 1773413783.100503206
T_odom_lidar: 
   0.100014    0.994883  -0.0143229    -25.6339
  -0.994968   0.0999157 -0.00741304    -10.2748
-0.00594403   0.0149923     0.99987   -0.948834
          0           0           0           1
T_world_lidar: 
   0.100014    0.994883  -0.0143229    -25.6339
  -0.994968   0.0999157 -0.00741304    -10.2748
-0.00594403   0.0149923     0.99987   -0.948834
          0           0           0           1
v_world_imu:  0.0382573  -0.477123 -0.0229191
frame_28
id: 2153
stamp: 1773413783.200294256
T_odom_lidar: 
  0.104446   0.994052 -0.0308318   -25.6323
 -0.994418   0.104851  0.0118233   -10.3294
 0.0149857  0.0294248   0.999455  -0.948928
         0          0          0          1
T_world_lidar: 
  0.104446   0.994052 -0.0308318   -25.6323
 -0.994418   0.104851  0.0118233   -10.3294
 0.0149857  0.0294248   0.999455  -0.948928
         0          0          0          1
v_world_imu: 0.0800746 -0.633501 -0.051542
frame_29
id: 2154
stamp: 1773413783.300318480
T_odom_lidar: 
  0.0933103    0.995637 1.43756e-05    -25.6221
  -0.995215   0.0932711   -0.029109    -10.3923
 -0.0289834  0.00270187    0.999576    -0.95138
          0           0           0           1
T_world_lidar: 
  0.0933103    0.995637 1.43756e-05    -25.6221
  -0.995215   0.0932711   -0.029109    -10.3923
 -0.0289834  0.00270187    0.999576    -0.95138
          0           0           0           1
v_world_imu:    0.08607   -0.53197 -0.0227844
frame_30
id: 2155
stamp: 1773413783.400020361
T_odom_lidar: 
 0.0925561   0.995646 -0.0110202   -25.6186
 -0.994588  0.0919218 -0.0484202   -10.4346
-0.0471964  0.0154422   0.998766  -0.955008
         0          0          0          1
T_world_lidar: 
 0.0925561   0.995646 -0.0110202   -25.6186
 -0.994588  0.0919218 -0.0484202   -10.4346
-0.0471964  0.0154422   0.998766  -0.955008
         0          0          0          1
v_world_imu: -0.018841 -0.344147 -0.088125
frame_31
id: 2156
stamp: 1773413783.499116659
T_odom_lidar: 
  0.118947   0.992848 -0.0102325   -25.6171
 -0.989878   0.117775 -0.0791878   -10.4612
-0.0774163  0.0195481   0.996807  -0.960606
         0          0          0          1
T_world_lidar: 
  0.118947   0.992848 -0.0102325   -25.6171
 -0.989878   0.117775 -0.0791878   -10.4612
-0.0774163  0.0195481   0.996807  -0.960606
         0          0          0          1
v_world_imu: 0.0961112 -0.140018 0.0449188
frame_32
id: 2157
stamp: 1773413783.597483635
T_odom_lidar: 
    0.19846    0.980018   0.0133679    -25.6007
  -0.977586    0.198909  -0.0689952    -10.4641
 -0.0702756 0.000624601    0.997527   -0.958934
          0           0           0           1
T_world_lidar: 
    0.19846    0.980018   0.0133679    -25.6007
  -0.977586    0.198909  -0.0689952    -10.4641
 -0.0702756 0.000624601    0.997527   -0.958934
          0           0           0           1
v_world_imu:  0.249241 0.0381898 0.0483406
frame_33
id: 2158
stamp: 1773413783.696038008
T_odom_lidar: 
   0.32066   0.946319  0.0407105   -25.5709
 -0.945493   0.322363 -0.0460962    -10.453
-0.0567452 -0.0237103   0.998107  -0.954107
         0          0          0          1
T_world_lidar: 
   0.32066   0.946319  0.0407105   -25.5709
 -0.945493   0.322363 -0.0460962    -10.453
-0.0567452 -0.0237103   0.998107  -0.954107
         0          0          0          1
v_world_imu:  0.342828   0.15259 0.0241453
frame_34
id: 2159
stamp: 1773413783.794956207
T_odom_lidar: 
  0.465245   0.883719  0.0508761     -25.54
 -0.883975   0.466843 -0.0254048    -10.435
-0.0462019 -0.0331538   0.998382  -0.949989
         0          0          0          1
T_world_lidar: 
  0.465245   0.883719  0.0508761     -25.54
 -0.883975   0.466843 -0.0254048    -10.435
-0.0462019 -0.0331538   0.998382  -0.949989
         0          0          0          1
v_world_imu: 0.337722  0.17673 0.058051
frame_35
id: 2160
stamp: 1773413783.894437551
T_odom_lidar: 
  0.621323   0.781885  0.0511205    -25.508
 -0.782417   0.622614 -0.0132762    -10.415
-0.0422088 -0.0317488   0.998604  -0.947124
         0          0          0          1
T_world_lidar: 
  0.621323   0.781885  0.0511205    -25.508
 -0.782417   0.622614 -0.0132762    -10.415
-0.0422088 -0.0317488   0.998604  -0.947124
         0          0          0          1
v_world_imu:    0.33571   0.226643 0.00856036
frame_36
id: 2161
stamp: 1773413783.994409323
T_odom_lidar: 
   0.770753    0.635735   0.0421863    -25.4783
  -0.635412    0.771848   -0.022401    -10.3878
 -0.0468025 -0.00954009    0.998859   -0.950513
          0           0           0           1
T_world_lidar: 
   0.770753    0.635735   0.0421863    -25.4783
  -0.635412    0.771848   -0.022401    -10.3878
 -0.0468025 -0.00954009    0.998859   -0.950513
          0           0           0           1
v_world_imu:   0.269251   0.274475 -0.0968978
frame_37
id: 2162
stamp: 1773413784.096321106
T_odom_lidar: 
   0.85908   0.511792 0.00708219   -25.4622
 -0.510927   0.858291 -0.0478632   -10.3715
-0.0305746  0.0374999   0.998829  -0.965942
         0          0          0          1
T_world_lidar: 
   0.85908   0.511792 0.00708219   -25.4622
 -0.510927   0.858291 -0.0478632   -10.3715
-0.0305746  0.0374999   0.998829  -0.965942
         0          0          0          1
v_world_imu:   0.15352 0.0701255 -0.215756
frame_38
id: 2163
stamp: 1773413784.199665546
T_odom_lidar: 
  0.883922   0.467632 0.00140137   -25.4465
 -0.466184   0.881414 -0.0760323   -10.3685
-0.0367903  0.0665533   0.997104  -0.977008
         0          0          0          1
T_world_lidar: 
  0.883922   0.467632 0.00140137   -25.4465
 -0.466184   0.881414 -0.0760323   -10.3685
-0.0367903  0.0665533   0.997104  -0.977008
         0          0          0          1
v_world_imu:   0.110965 -0.0342783 -0.0353305
frame_39
id: 2164
stamp: 1773413784.302451611
T_odom_lidar: 
   0.88598   0.463522  0.0136427   -25.4404
 -0.461416   0.884121 -0.0736566   -10.3698
-0.0462033  0.0589633    0.99719  -0.974393
         0          0          0          1
T_world_lidar: 
   0.88598   0.463522  0.0136427   -25.4404
 -0.461416   0.884121 -0.0736566   -10.3698
-0.0462033  0.0589633    0.99719  -0.974393
         0          0          0          1
v_world_imu:  0.042675 0.0486577  0.089491
frame_40
id: 2165
stamp: 1773413784.403666973
T_odom_lidar: 
  0.892103   0.451785 0.00643505   -25.4381
 -0.451254   0.891593 -0.0378301   -10.3625
-0.0228285  0.0308445   0.999263  -0.966353
         0          0          0          1
T_world_lidar: 
  0.892103   0.451785 0.00643505   -25.4381
 -0.451254   0.891593 -0.0378301   -10.3625
-0.0228285  0.0308445   0.999263  -0.966353
         0          0          0          1
v_world_imu: -0.00816151   0.0802135   0.0694942
frame_41
id: 2166
stamp: 1773413784.503659487
T_odom_lidar: 
  0.893747   0.448517 0.00702282   -25.4411
 -0.448275   0.893615 -0.0224166   -10.3577
-0.0163299  0.0168866   0.999724  -0.960977
         0          0          0          1
T_world_lidar: 
  0.893747   0.448517 0.00702282   -25.4411
 -0.448275   0.893615 -0.0224166   -10.3577
-0.0163299  0.0168866   0.999724  -0.960977
         0          0          0          1
v_world_imu: -0.0302763 0.00441766  0.0385024
frame_42
id: 2167
stamp: 1773413784.603055954
T_odom_lidar: 
   0.89514   0.445751 0.00558261   -25.4435
 -0.445517   0.894966 -0.0234713   -10.3589
-0.0154586  0.0185229   0.999709  -0.956397
         0          0          0          1
T_world_lidar: 
   0.89514   0.445751 0.00558261   -25.4435
 -0.445517   0.894966 -0.0234713   -10.3589
-0.0154586  0.0185229   0.999709  -0.956397
         0          0          0          1
v_world_imu: -0.00737136 0.000449335   0.0730881
frame_43
id: 2168
stamp: 1773413784.701761484
T_odom_lidar: 
   0.896863    0.442297  0.00316038    -25.4415
  -0.442216    0.896799  -0.0140152    -10.3552
-0.00903312   0.0111722    0.999897   -0.951792
          0           0           0           1
T_world_lidar: 
   0.896863    0.442297  0.00316038    -25.4415
  -0.442216    0.896799  -0.0140152    -10.3552
-0.00903312   0.0111722    0.999897   -0.951792
          0           0           0           1
v_world_imu: 0.0384385 0.0508622 0.0110482
frame_44
id: 2169
stamp: 1773413784.800454617
T_odom_lidar: 
   0.902373    0.430951  0.00211438    -25.4378
  -0.430947    0.902374 -0.00224615    -10.3496
-0.00287594  0.00111568    0.999995   -0.951161
          0           0           0           1
T_world_lidar: 
   0.902373    0.430951  0.00211438    -25.4378
  -0.430947    0.902374 -0.00224615    -10.3496
-0.00287594  0.00111568    0.999995   -0.951161
          0           0           0           1
v_world_imu: 0.0283035 0.0535012  0.023331
frame_45
id: 2170
stamp: 1773413784.899396420
T_odom_lidar: 
   0.907226    0.420642  0.00104971    -25.4356
  -0.420642    0.907214  0.00471783    -10.3451
 0.00103221 -0.00472169    0.999988   -0.950052
          0           0           0           1
T_world_lidar: 
   0.907226    0.420642  0.00104971    -25.4356
  -0.420642    0.907214  0.00471783    -10.3451
 0.00103221 -0.00472169    0.999988   -0.950052
          0           0           0           1
v_world_imu:  0.017735 0.0380142 0.0171256
frame_46
id: 2171
stamp: 1773413784.998204947
T_odom_lidar: 
    0.910488     0.413535 -0.000363445     -25.4346
   -0.413518     0.910459   0.00819436     -10.3414
  0.00371955  -0.00731057     0.999966     -0.94707
           0            0            0            1
T_world_lidar: 
    0.910488     0.413535 -0.000363445     -25.4346
   -0.413518     0.910459   0.00819436     -10.3414
  0.00371955  -0.00731057     0.999966     -0.94707
           0            0            0            1
v_world_imu: 0.0100965 0.0277706 0.0192944
frame_47
id: 2172
stamp: 1773413785.097558975
T_odom_lidar: 
   0.911923    0.410362 0.000103959    -25.4345
  -0.410345    0.911882  0.00944343    -10.3392
 0.00378043 -0.00865434    0.999955   -0.946244
          0           0           0           1
T_world_lidar: 
   0.911923    0.410362 0.000103959    -25.4345
  -0.410345    0.911882  0.00944343    -10.3392
 0.00378043 -0.00865434    0.999955   -0.946244
          0           0           0           1
v_world_imu: -0.000507958    0.0131624   0.00896776
frame_48
id: 2173
stamp: 1773413785.197489262
T_odom_lidar: 
    0.912105     0.409957 -0.000716102     -25.4346
   -0.409931     0.912065   0.00967687     -10.3383
  0.00462023  -0.00853277     0.999953    -0.945651
           0            0            0            1
T_world_lidar: 
    0.912105     0.409957 -0.000716102     -25.4346
   -0.409931     0.912065   0.00967687     -10.3383
  0.00462023  -0.00853277     0.999953    -0.945651
           0            0            0            1
v_world_imu:  0.00427547  0.00943281 -0.00391951
frame_49
id: 2174
stamp: 1773413785.297549009
T_odom_lidar: 
   0.913078    0.407785 -0.00100938    -25.4339
  -0.407753    0.913032   0.0105343     -10.337
 0.00521732 -0.00920706    0.999944   -0.945298
          0           0           0           1
T_world_lidar: 
   0.913078    0.407785 -0.00100938    -25.4339
  -0.407753    0.913032   0.0105343     -10.337
 0.00521732 -0.00920706    0.999944   -0.945298
          0           0           0           1
v_world_imu: 0.00855238 0.00818038  0.0116831
frame_50
id: 2175
stamp: 1773413785.398023605
T_odom_lidar: 
    0.91375    0.406275 -0.00128082    -25.4333
  -0.406235    0.913698   0.0113697    -10.3366
 0.00578951 -0.00986874    0.999935   -0.944618
          0           0           0           1
T_world_lidar: 
    0.91375    0.406275 -0.00128082    -25.4333
  -0.406235    0.913698   0.0113697    -10.3366
 0.00578951 -0.00986874    0.999935   -0.944618
          0           0           0           1
v_world_imu:  0.00399231 -0.00411431  -0.0037932
frame_51
id: 2176
stamp: 1773413785.498173714
T_odom_lidar: 
   0.913621    0.406564 -0.00138784    -25.4334
  -0.406523    0.913569   0.0114583    -10.3366
 0.00592644  -0.0099044    0.999933   -0.944158
          0           0           0           1
T_world_lidar: 
   0.913621    0.406564 -0.00138784    -25.4334
  -0.406523    0.913569   0.0114583    -10.3366
 0.00592644  -0.0099044    0.999933   -0.944158
          0           0           0           1
v_world_imu: 0.000805836 -0.00260931   0.0064206
frame_52
id: 2177
stamp: 1773413785.598403692
T_odom_lidar: 
   0.913645    0.406509 -0.00179764    -25.4332
  -0.406458    0.913585   0.0124115    -10.3364
 0.00668769  -0.0106091    0.999921    -0.94467
          0           0           0           1
T_world_lidar: 
   0.913645    0.406509 -0.00179764    -25.4332
  -0.406458    0.913585   0.0124115    -10.3364
 0.00668769  -0.0106091    0.999921    -0.94467
          0           0           0           1
v_world_imu:  0.00156837 -0.00515812 0.000455521
frame_53
id: 2178
stamp: 1773413785.698562622
T_odom_lidar: 
    0.913678     0.406438 -0.000848943     -25.4332
   -0.406401      0.91362    0.0116481     -10.3371
  0.00550985   -0.0102976     0.999932    -0.944548
           0            0            0            1
T_world_lidar: 
    0.913678     0.406438 -0.000848943     -25.4332
   -0.406401      0.91362    0.0116481     -10.3371
  0.00550985   -0.0102976     0.999932    -0.944548
           0            0            0            1
v_world_imu:  0.00325816 -0.00645487   -0.005784
frame_54
id: 2179
stamp: 1773413785.798795700
T_odom_lidar: 
    0.91373    0.406316 -0.00208673    -25.4333
  -0.406261     0.91367   0.0126214    -10.3368
 0.00703486  -0.0106848    0.999918   -0.944815
          0           0           0           1
T_world_lidar: 
    0.91373    0.406316 -0.00208673    -25.4333
  -0.406261     0.91367   0.0126214    -10.3368
 0.00703486  -0.0106848    0.999918   -0.944815
          0           0           0           1
v_world_imu: -0.00499515  0.00583086  0.00784732
frame_55
id: 2180
stamp: 1773413785.898966551
T_odom_lidar: 
   0.913671    0.406452 -0.00116115    -25.4335
  -0.406411    0.913613   0.0118701    -10.3367
 0.00588548  -0.0103735    0.999929   -0.945105
          0           0           0           1
T_world_lidar: 
   0.913671    0.406452 -0.00116115    -25.4335
  -0.406411    0.913613   0.0118701    -10.3367
 0.00588548  -0.0103735    0.999929   -0.945105
          0           0           0           1
v_world_imu: 0.000595825 -0.00023322 -0.00867505
frame_56
id: 2181
stamp: 1773413785.999159813
T_odom_lidar: 
   0.913681    0.406428 -0.00166092    -25.4336
  -0.406379    0.913622   0.0122771    -10.3365
 0.00650721  -0.0105424    0.999923   -0.944265
          0           0           0           1
T_world_lidar: 
   0.913681    0.406428 -0.00166092    -25.4336
  -0.406379    0.913622   0.0122771    -10.3365
 0.00650721  -0.0105424    0.999923   -0.944265
          0           0           0           1
v_world_imu: -0.00206151  0.00152223   0.0167191
frame_57
id: 2182
stamp: 1773413786.099339247
T_odom_lidar: 
    0.91357    0.406678 -0.00162585    -25.4336
  -0.406627    0.913506   0.0126937    -10.3367
 0.00664748  -0.0109355    0.999918   -0.944337
          0           0           0           1
T_world_lidar: 
    0.91357    0.406678 -0.00162585    -25.4336
  -0.406627    0.913506   0.0126937    -10.3367
 0.00664748  -0.0109355    0.999918   -0.944337
          0           0           0           1
v_world_imu: 0.00101477 -0.0028317 0.00104565
frame_58
id: 2183
stamp: 1773413786.199523687
T_odom_lidar: 
   0.913683    0.406422 -0.00200746    -25.4336
  -0.406367    0.913623   0.0125732    -10.3367
  0.0069441  -0.0106722    0.999919   -0.944151
          0           0           0           1
T_world_lidar: 
   0.913683    0.406422 -0.00200746    -25.4336
  -0.406367    0.913623   0.0125732    -10.3367
  0.0069441  -0.0106722    0.999919   -0.944151
          0           0           0           1
v_world_imu: -0.00376726 -0.00483822 -0.00343156
frame_59
id: 2184
stamp: 1773413786.299785376
T_odom_lidar: 
    0.913705     0.406378 -0.000425127     -25.4342
    -0.40634     0.913633    0.0127257     -10.3367
  0.00555987   -0.0114548     0.999919    -0.944125
           0            0            0            1
T_world_lidar: 
    0.913705     0.406378 -0.000425127     -25.4342
    -0.40634     0.913633    0.0127257     -10.3367
  0.00555987   -0.0114548     0.999919    -0.944125
           0            0            0            1
v_world_imu: -0.00356312  0.00248249   0.0140172
frame_60
id: 2185
stamp: 1773413786.400024891
T_odom_lidar: 
   0.913651    0.406496 -0.00180143    -25.4342
  -0.406441    0.913584   0.0130736    -10.3367
 0.00696013  -0.0112125    0.999913   -0.943307
          0           0           0           1
T_world_lidar: 
   0.913651    0.406496 -0.00180143    -25.4342
  -0.406441    0.913584   0.0130736    -10.3367
 0.00696013  -0.0112125    0.999913   -0.943307
          0           0           0           1
v_world_imu: 1.13774e-05 -0.00167218  0.00102693
frame_61
id: 2186
stamp: 1773413786.500109196
T_odom_lidar: 
    0.913671     0.406454 -0.000812026     -25.4345
   -0.406409     0.913597    0.0131221      -10.337
   0.0060754   -0.0116593     0.999914    -0.942397
           0            0            0            1
T_world_lidar: 
    0.913671     0.406454 -0.000812026     -25.4345
   -0.406409     0.913597    0.0131221      -10.337
   0.0060754   -0.0116593     0.999914    -0.942397
           0            0            0            1
v_world_imu: -0.000111242   0.00465578    0.0215211
frame_62
id: 2187
stamp: 1773413786.599812269
T_odom_lidar: 
   0.917108    0.398635 -0.00186339    -25.4339
  -0.398576    0.917034   0.0136148    -10.3349
 0.00713615  -0.0117436    0.999906   -0.941698
          0           0           0           1
T_world_lidar: 
   0.917108    0.398635 -0.00186339    -25.4339
  -0.398576    0.917034   0.0136148    -10.3349
 0.00713615  -0.0117436    0.999906   -0.941698
          0           0           0           1
v_world_imu: 0.0112636  0.054082 0.0175275
frame_63
id: 2188
stamp: 1773413786.698958635
T_odom_lidar: 
    0.93671    0.350105 0.000676065    -25.4332
   -0.35008    0.936615    0.014045    -10.3254
 0.00428402  -0.0133928    0.999901   -0.938135
          0           0           0           1
T_world_lidar: 
    0.93671    0.350105 0.000676065    -25.4332
   -0.35008    0.936615    0.014045    -10.3254
 0.00428402  -0.0133928    0.999901   -0.938135
          0           0           0           1
v_world_imu: 0.0157809  0.138772 0.0208308
frame_64
id: 2189
stamp: 1773413786.797748327
T_odom_lidar: 
    0.965554     0.260164   0.00440102     -25.4316
   -0.260201      0.96545    0.0142143     -10.3078
-0.000550912   -0.0148698     0.999889    -0.935752
           0            0            0            1
T_world_lidar: 
    0.965554     0.260164   0.00440102     -25.4316
   -0.260201      0.96545    0.0142143     -10.3078
-0.000550912   -0.0148698     0.999889    -0.935752
           0            0            0            1
v_world_imu: 0.0316837  0.214188  0.048127
frame_65
id: 2190
stamp: 1773413786.896423101
T_odom_lidar: 
     0.99122      0.13214   0.00478658     -25.4306
   -0.132226     0.990669    0.0330427      -10.283
-0.000375654   -0.0333855     0.999442    -0.932141
           0            0            0            1
T_world_lidar: 
     0.99122      0.13214   0.00478658     -25.4306
   -0.132226     0.990669    0.0330427      -10.283
-0.000375654   -0.0333855     0.999442    -0.932141
           0            0            0            1
v_world_imu: 0.0149613  0.309952 0.0241032
frame_66
id: 2191
stamp: 1773413786.995896101
T_odom_lidar: 
   0.999697  -0.0245241  0.00213729     -25.432
  0.0244237    0.998961   0.0384814    -10.2492
-0.00307879  -0.0384176    0.999257   -0.930542
          0           0           0           1
T_world_lidar: 
   0.999697  -0.0245241  0.00213729     -25.432
  0.0244237    0.998961   0.0384814    -10.2492
-0.00307879  -0.0384176    0.999257   -0.930542
          0           0           0           1
v_world_imu: -0.00910713    0.379829  -0.0108642
frame_67
id: 2192
stamp: 1773413787.095467329
T_odom_lidar: 
   0.978309   -0.207123  -0.0035454    -25.4369
   0.206995    0.976748   0.0558192    -10.2112
-0.00809845  -0.0553422    0.998435   -0.935317
          0           0           0           1
T_world_lidar: 
   0.978309   -0.207123  -0.0035454    -25.4369
   0.206995    0.976748   0.0558192    -10.2112
-0.00809845  -0.0553422    0.998435   -0.935317
          0           0           0           1
v_world_imu: -0.0668644   0.389849 -0.0842233
frame_68
id: 2193
stamp: 1773413787.197325706
T_odom_lidar: 
     0.9541   -0.299349 -0.00914775    -25.4426
    0.29931     0.95203   0.0636532    -10.1909
 -0.0103456  -0.0634696     0.99793   -0.935746
          0           0           0           1
T_world_lidar: 
     0.9541   -0.299349 -0.00914775    -25.4426
    0.29931     0.95203   0.0636532    -10.1909
 -0.0103456  -0.0634696     0.99793   -0.935746
          0           0           0           1
v_world_imu: -0.00334875   0.0901191  -0.0311053
frame_69
id: 2194
stamp: 1773413787.299770117
T_odom_lidar: 
  0.948288  -0.317174  0.0122723    -25.441
  0.315907   0.946848  0.0606733   -10.1771
-0.0308639 -0.0536588   0.998082  -0.942488
         0          0          0          1
T_world_lidar: 
  0.948288  -0.317174  0.0122723    -25.441
  0.315907   0.946848  0.0606733   -10.1771
-0.0308639 -0.0536588   0.998082  -0.942488
         0          0          0          1
v_world_imu: -0.00301421    0.116922   0.0261557
frame_70
id: 2195
stamp: 1773413787.401264191
T_odom_lidar: 
  0.942402  -0.333956  0.0187576   -25.4417
  0.333001   0.942023  0.0412574   -10.1726
-0.0314483 -0.0326348   0.998972  -0.939963
         0          0          0          1
T_world_lidar: 
  0.942402  -0.333956  0.0187576   -25.4417
  0.333001   0.942023  0.0412574   -10.1726
-0.0314483 -0.0326348   0.998972  -0.939963
         0          0          0          1
v_world_imu:  -0.00947328 -0.000141695    0.0134224
frame_71
id: 2196
stamp: 1773413787.501880169
T_odom_lidar: 
  0.941599  -0.336282  0.0174675    -25.443
  0.335347   0.941161  0.0419393   -10.1715
-0.0305432 -0.0336323   0.998967  -0.937714
         0          0          0          1
T_world_lidar: 
  0.941599  -0.336282  0.0174675    -25.443
  0.335347   0.941161  0.0419393   -10.1715
-0.0305432 -0.0336323   0.998967  -0.937714
         0          0          0          1
v_world_imu: -0.0150321  0.0104369 0.00842547
frame_72
id: 2197
stamp: 1773413787.602024794
T_odom_lidar: 
  0.940513  -0.339374  0.0161221   -25.4442
   0.33849   0.940046  0.0416866   -10.1706
-0.0293029 -0.0337497   0.999001  -0.938501
         0          0          0          1
T_world_lidar: 
  0.940513  -0.339374  0.0161221   -25.4442
   0.33849   0.940046  0.0416866   -10.1706
-0.0293029 -0.0337497   0.999001  -0.938501
         0          0          0          1
v_world_imu: -0.0104047  0.0106983 -0.0163418
frame_73
id: 2198
stamp: 1773413787.701408386
T_odom_lidar: 
  0.940073  -0.340612  0.0157036   -25.4451
  0.339734   0.939585  0.0419619   -10.1699
-0.0290476 -0.0341122   0.998996  -0.938084
         0          0          0          1
T_world_lidar: 
  0.940073  -0.340612  0.0157036   -25.4451
  0.339734   0.939585  0.0419619   -10.1699
-0.0290476 -0.0341122   0.998996  -0.938084
         0          0          0          1
v_world_imu: -0.00983872  0.00457296  0.00270952
frame_74
id: 2199
stamp: 1773413787.800527811
T_odom_lidar: 
  0.939558   -0.34207  0.0147872   -25.4458
  0.341209   0.939028  0.0424526   -10.1699
-0.0284074 -0.0348412   0.998989  -0.938396
         0          0          0          1
T_world_lidar: 
  0.939558   -0.34207  0.0147872   -25.4458
  0.341209   0.939028  0.0424526   -10.1699
-0.0284074 -0.0348412   0.998989  -0.938396
         0          0          0          1
v_world_imu:    -0.014179   0.00171404 -0.000248771
frame_75
id: 2200
stamp: 1773413787.899677992
T_odom_lidar: 
  0.939406  -0.342479  0.0150004   -25.4462
  0.341609   0.938881  0.0424901   -10.1701
-0.0286355 -0.0347912   0.998984  -0.938059
         0          0          0          1
T_world_lidar: 
  0.939406  -0.342479  0.0150004   -25.4462
  0.341609   0.938881  0.0424901   -10.1701
-0.0286355 -0.0347912   0.998984  -0.938059
         0          0          0          1
v_world_imu: -0.00252712 0.000648158 -0.00509884
frame_76
id: 2201
stamp: 1773413787.998980522
T_odom_lidar: 
  0.939298  -0.342792  0.0146226   -25.4468
  0.341939   0.938767  0.0423692   -10.1699
 -0.028251 -0.0347973   0.998995  -0.937939
         0          0          0          1
T_world_lidar: 
  0.939298  -0.342792  0.0146226   -25.4468
  0.341939   0.938767  0.0423692   -10.1699
 -0.028251 -0.0347973   0.998995  -0.937939
         0          0          0          1
v_world_imu: 0.00284746 0.00212915  0.0135251
frame_77
id: 2202
stamp: 1773413788.098287821
T_odom_lidar: 
   0.93921  -0.343047  0.0142925   -25.4465
  0.342203   0.938668  0.0424129   -10.1695
-0.0279655 -0.0349436   0.998998  -0.937907
         0          0          0          1
T_world_lidar: 
   0.93921  -0.343047  0.0142925   -25.4465
  0.342203   0.938668  0.0424129   -10.1695
-0.0279655 -0.0349436   0.998998  -0.937907
         0          0          0          1
v_world_imu:   0.0112999 -0.00288195 -0.00844736
frame_78
id: 2203
stamp: 1773413788.197905540
T_odom_lidar: 
  0.939189  -0.343077  0.0149259   -25.4465
  0.342212   0.938666   0.042401   -10.1695
-0.0285573 -0.0347147   0.998989  -0.937903
         0          0          0          1
T_world_lidar: 
  0.939189  -0.343077  0.0149259   -25.4465
  0.342212   0.938666   0.042401   -10.1695
-0.0285573 -0.0347147   0.998989  -0.937903
         0          0          0          1
v_world_imu:  0.00133255  0.00221572 -0.00284932
frame_79
id: 2204
stamp: 1773413788.297660589
T_odom_lidar: 
  0.939043  -0.343534  0.0135035   -25.4467
  0.342708   0.938466  0.0428063   -10.1692
 -0.027378 -0.0355692   0.998992   -0.93887
         0          0          0          1
T_world_lidar: 
  0.939043  -0.343534  0.0135035   -25.4467
