id: 0
T_world_origin: 
    0.99987  0.00290173  -0.0158676 -0.00114001
-0.00206575    0.998621   0.0524493 0.000673446
  0.0159979  -0.0524097    0.998498  0.00375026
          0           0           0           1
T_origin_endpoint_L: 
           1   0.00023314  0.000556972   6.4885e-06
-0.000232955            1 -0.000331256 -0.000121881
-0.000557049  0.000331127            1  -0.00396676
           0            0            0            1
T_origin_endpoint_R: 
           1  -0.00026013  0.000923078  0.000530191
 0.000260396            1 -0.000288527 -0.000919084
-0.000923003  0.000288767            1 -0.000377598
           0            0            0            1
T_lidar_imu: 
     1      0      0  0.006
     0      1      0 -0.012
     0      0      1  0.008
     0      0      0      1
imu_bias: -0.000235818  0.000188917  -0.00418423  0.000665772  -0.00205487   -0.0011974
frame_id: 2
num_frames: 24
frame_0
id: 0
stamp: 1772811493.878658295
T_odom_lidar: 
   0.999878  0.00312958  -0.0153116 -0.00691015
 -0.0023276    0.998638   0.0521173   0.0119244
  0.0154539  -0.0520753    0.998524 -0.00890986
          0           0           0           1
T_world_lidar: 
   0.999878  0.00312958  -0.0153116 -0.00691015
 -0.0023276    0.998638   0.0521173   0.0119244
  0.0154539  -0.0520753    0.998524 -0.00890986
          0           0           0           1
v_world_imu:  0.00284748 -0.00616439   0.0455212
frame_1
id: 1
stamp: 1772811493.978738070
T_odom_lidar: 
   0.999854   0.0030723  -0.0168372  -0.0064439
-0.00215214    0.998517   0.0543983   0.0113621
  0.0169794  -0.0543541    0.998377 -0.00634195
          0           0           0           1
T_world_lidar: 
   0.999854   0.0030723  -0.0168372  -0.0064439
-0.00215214    0.998517   0.0543983   0.0113621
  0.0169794  -0.0543541    0.998377 -0.00634195
          0           0           0           1
v_world_imu:    0.0030994  -0.00508722 -0.000215445
frame_2
id: 2
stamp: 1772811494.078662872
T_odom_lidar: 
   0.999895  0.00288377  -0.0141892 -0.00659453
-0.00215881    0.998704   0.0508455   0.0107417
  0.0143174  -0.0508095    0.998606 -0.00686017
          0           0           0           1
T_world_lidar: 
   0.999895  0.00288377  -0.0141892 -0.00659453
-0.00215881    0.998704   0.0508455   0.0107417
  0.0143174  -0.0508095    0.998606 -0.00686017
          0           0           0           1
v_world_imu: -0.00697607 -0.00588559  0.00325097
frame_3
id: 3
stamp: 1772811494.178729296
T_odom_lidar: 
   0.999872  0.00273267  -0.0157459 -0.00697863
-0.00189173    0.998583   0.0531762   0.0105561
  0.0158689  -0.0531396    0.998461 -0.00565767
          0           0           0           1
T_world_lidar: 
   0.999872  0.00273267  -0.0157459 -0.00697863
-0.00189173    0.998583   0.0531762   0.0105561
  0.0158689  -0.0531396    0.998461 -0.00565767
          0           0           0           1
v_world_imu: -0.00447103 -0.00312694   0.0148199
frame_4
id: 4
stamp: 1772811494.278605461
T_odom_lidar: 
   0.999882  0.00331124  -0.0149693 -0.00699138
-0.00252196    0.998621   0.0524414   0.0106206
  0.0151223  -0.0523974    0.998512 -0.00505689
          0           0           0           1
T_world_lidar: 
   0.999882  0.00331124  -0.0149693 -0.00699138
-0.00252196    0.998621   0.0524414   0.0106206
  0.0151223  -0.0523974    0.998512 -0.00505689
          0           0           0           1
v_world_imu:  0.00357426  0.00256766 -0.00349762
frame_5
id: 5
stamp: 1772811494.378695011
T_odom_lidar: 
    0.99988  0.00298626  -0.0152031 -0.00707142
-0.00218184     0.99861   0.0526557   0.0110804
  0.0153393  -0.0526162    0.998497 -0.00508726
          0           0           0           1
T_world_lidar: 
    0.99988  0.00298626  -0.0152031 -0.00707142
-0.00218184     0.99861   0.0526557   0.0110804
  0.0153393  -0.0526162    0.998497 -0.00508726
          0           0           0           1
v_world_imu:  -0.00464848   0.00789692 -3.86811e-05
frame_6
id: 6
stamp: 1772811494.478634834
T_odom_lidar: 
   0.999876  0.00283018  -0.0155119 -0.00706702
-0.00200752    0.998603   0.0527952   0.0114989
  0.0156397  -0.0527575    0.998485 -0.00537098
          0           0           0           1
T_world_lidar: 
   0.999876  0.00283018  -0.0155119 -0.00706702
-0.00200752    0.998603   0.0527952   0.0114989
  0.0156397  -0.0527575    0.998485 -0.00537098
          0           0           0           1
v_world_imu:  -0.0020375  0.00159378 -0.00533734
frame_7
id: 7
stamp: 1772811494.578604221
T_odom_lidar: 
   0.999877  0.00278854  -0.0154621 -0.00717879
-0.00198062    0.998644   0.0520229   0.0115803
  0.0155862  -0.0519858    0.998526 -0.00564866
          0           0           0           1
T_world_lidar: 
   0.999877  0.00278854  -0.0154621 -0.00717879
-0.00198062    0.998644   0.0520229   0.0115803
  0.0155862  -0.0519858    0.998526 -0.00564866
          0           0           0           1
v_world_imu: -0.00307002  0.00123044  -0.0059509
frame_8
id: 8
stamp: 1772811494.678710222
T_odom_lidar: 
   0.999871  0.00306982  -0.0157711 -0.00718266
-0.00223125    0.998596   0.0529166    0.011582
  0.0159114  -0.0528745    0.998474 -0.00619965
          0           0           0           1
T_world_lidar: 
   0.999871  0.00306982  -0.0157711 -0.00718266
-0.00223125    0.998596   0.0529166    0.011582
  0.0159114  -0.0528745    0.998474 -0.00619965
          0           0           0           1
v_world_imu: -9.06481e-05  0.000828288  -0.00702636
frame_9
id: 9
stamp: 1772811494.778956175
T_odom_lidar: 
   0.999878   0.0033199  -0.0152875 -0.00708585
-0.00251314    0.998618   0.0524927   0.0115745
  0.0154406  -0.0524478    0.998504 -0.00626157
          0           0           0           1
T_world_lidar: 
   0.999878   0.0033199  -0.0152875 -0.00708585
-0.00251314    0.998618   0.0524927   0.0115745
  0.0154406  -0.0524478    0.998504 -0.00626157
          0           0           0           1
v_world_imu:  -0.00101223   0.00254892 -0.000790189
frame_10
id: 10
stamp: 1772811494.878829479
T_odom_lidar: 
   0.999873  0.00293177  -0.0156724 -0.00739491
-0.00210631    0.998622   0.0524291   0.0116708
  0.0158045  -0.0523894    0.998502 -0.00596419
          0           0           0           1
T_world_lidar: 
   0.999873  0.00293177  -0.0156724 -0.00739491
-0.00210631    0.998622   0.0524291   0.0116708
  0.0158045  -0.0523894    0.998502 -0.00596419
          0           0           0           1
v_world_imu:  -0.00475987 -0.000194349     0.007568
frame_11
id: 11
stamp: 1772811494.978785038
T_odom_lidar: 
   0.999892  0.00330444  -0.0143283 -0.00713479
-0.00254771    0.998617   0.0525135   0.0117603
   0.014482  -0.0524713    0.998517 -0.00574097
          0           0           0           1
T_world_lidar: 
   0.999892  0.00330444  -0.0143283 -0.00713479
-0.00254771    0.998617   0.0525135   0.0117603
   0.014482  -0.0524713    0.998517 -0.00574097
          0           0           0           1
v_world_imu: 0.00553159 0.00552218 0.00137526
frame_12
id: 12
stamp: 1772811495.078959465
T_odom_lidar: 
    0.99987  0.00290173  -0.0158676 -0.00697747
-0.00206575    0.998621   0.0524493   0.0122497
  0.0159979  -0.0524097    0.998498 -0.00496262
          0           0           0           1
T_world_lidar: 
    0.99987  0.00290173  -0.0158676 -0.00697747
-0.00206575    0.998621   0.0524493   0.0122497
  0.0159979  -0.0524097    0.998498 -0.00496262
          0           0           0           1
v_world_imu: 0.000660657  0.00530506  0.00435916
frame_13
id: 13
stamp: 1772811495.178798676
T_odom_lidar: 
   0.999874  0.00330604  -0.0155397 -0.00683387
-0.00248801    0.998625   0.0523687   0.0119965
  0.0156915  -0.0523234    0.998507 -0.00523184
          0           0           0           1
T_world_lidar: 
   0.999874  0.00330604  -0.0155397 -0.00683387
-0.00248801    0.998625   0.0523687   0.0119965
  0.0156915  -0.0523234    0.998507 -0.00523184
          0           0           0           1
v_world_imu:   0.00153782 -0.000442979  -0.00737337
frame_14
id: 14
stamp: 1772811495.278749466
T_odom_lidar: 
   0.999878   0.0027091  -0.0153811 -0.00670355
 -0.0018956    0.998611   0.0526598   0.0120948
  0.0155023  -0.0526243    0.998494 -0.00573709
          0           0           0           1
T_world_lidar: 
   0.999878   0.0027091  -0.0153811 -0.00670355
 -0.0018956    0.998611   0.0526598   0.0120948
  0.0155023  -0.0526243    0.998494 -0.00573709
          0           0           0           1
v_world_imu: -0.000965383 -0.000133477  -0.00646471
frame_15
id: 15
stamp: 1772811495.378797531
T_odom_lidar: 
   0.999886  0.00321415  -0.0147437 -0.00633827
-0.00243062    0.998599   0.0528568   0.0117534
  0.0148929  -0.0528149    0.998493 -0.00631216
          0           0           0           1
T_world_lidar: 
   0.999886  0.00321415  -0.0147437 -0.00633827
-0.00243062    0.998599   0.0528568   0.0117534
  0.0148929  -0.0528149    0.998493 -0.00631216
          0           0           0           1
v_world_imu:  0.00577919 -0.00310433 -0.00844669
frame_16
id: 16
stamp: 1772811495.479003906
T_odom_lidar: 
   0.999873  0.00305925  -0.0156332 -0.00602759
-0.00223809     0.99863   0.0522765   0.0114811
  0.0157717  -0.0522349     0.99851 -0.00626554
          0           0           0           1
T_world_lidar: 
   0.999873  0.00305925  -0.0156332 -0.00602759
-0.00223809     0.99863   0.0522765   0.0114811
  0.0157717  -0.0522349     0.99851 -0.00626554
          0           0           0           1
v_world_imu: -0.00187632  0.00205543  0.00253764
frame_17
id: 17
stamp: 1772811495.578786373
T_odom_lidar: 
   0.999876   0.0029652  -0.0154453  -0.0061392
-0.00214651    0.998605   0.0527553   0.0115267
  0.0155802  -0.0527156    0.998488 -0.00603608
          0           0           0           1
T_world_lidar: 
   0.999876   0.0029652  -0.0154453  -0.0061392
-0.00214651    0.998605   0.0527553   0.0115267
  0.0155802  -0.0527156    0.998488 -0.00603608
          0           0           0           1
v_world_imu:  -0.0051086 -0.00349313  0.00619278
frame_18
id: 18
stamp: 1772811495.678784609
T_odom_lidar: 
   0.999881  0.00307931  -0.0151289 -0.00611561
-0.00227993    0.998614   0.0525739   0.0114661
  0.0152698  -0.0525332    0.998502 -0.00610085
          0           0           0           1
T_world_lidar: 
   0.999881  0.00307931  -0.0151289 -0.00611561
-0.00227993    0.998614   0.0525739   0.0114661
  0.0152698  -0.0525332    0.998502 -0.00610085
          0           0           0           1
v_world_imu:  0.00346604 0.000907017 -0.00515489
frame_19
id: 19
stamp: 1772811495.778766155
T_odom_lidar: 
   0.999875  0.00285365  -0.0155362 -0.00642758
-0.00202934    0.998602   0.0528168    0.011477
  0.0156652  -0.0527787    0.998483 -0.00630702
          0           0           0           1
T_world_lidar: 
   0.999875  0.00285365  -0.0155362 -0.00642758
-0.00202934    0.998602   0.0528168    0.011477
  0.0156652  -0.0527787    0.998483 -0.00630702
          0           0           0           1
v_world_imu: -0.00600034 0.000733402   0.0024696
frame_20
id: 20
stamp: 1772811495.878872871
T_odom_lidar: 
   0.999878  0.00312306  -0.0153179 -0.00602027
-0.00231229     0.99861   0.0526649   0.0111792
  0.0154611  -0.0526231    0.998495 -0.00651547
          0           0           0           1
T_world_lidar: 
   0.999878  0.00312306  -0.0153179 -0.00602027
-0.00231229     0.99861   0.0526649   0.0111792
  0.0154611  -0.0526231    0.998495 -0.00651547
          0           0           0           1
v_world_imu:  0.00435751 -0.00209998 -0.00584138
frame_21
id: 21
stamp: 1772811495.978760719
T_odom_lidar: 
    0.99988  0.00288924  -0.0152121 -0.00625198
-0.00208795    0.998622   0.0524298   0.0111135
  0.0153426  -0.0523917    0.998509 -0.00613016
          0           0           0           1
T_world_lidar: 
    0.99988  0.00288924  -0.0152121 -0.00625198
-0.00208795    0.998622   0.0524298   0.0111135
  0.0153426  -0.0523917    0.998509 -0.00613016
          0           0           0           1
v_world_imu: -0.00208003  0.00217617  0.00457888
frame_22
id: 22
stamp: 1772811496.078815937
T_odom_lidar: 
   0.999875  0.00295411  -0.0155597 -0.00601667
-0.00212983    0.998607   0.0527279   0.0112318
  0.0156938  -0.0526882    0.998488 -0.00606487
          0           0           0           1
T_world_lidar: 
   0.999875  0.00295411  -0.0155597 -0.00601667
-0.00212983    0.998607   0.0527279   0.0112318
  0.0156938  -0.0526882    0.998488 -0.00606487
          0           0           0           1
v_world_imu: 0.000542049  0.00267704 0.000651677
frame_23
id: 23
stamp: 1772811496.178726196
T_odom_lidar: 
   0.999885  0.00263705  -0.0149454 -0.00645466
-0.00185413    0.998637   0.0521592   0.0113122
  0.0150626  -0.0521255    0.998527 -0.00527421
          0           0           0           1
T_world_lidar: 
   0.999885  0.00263705  -0.0149454 -0.00645466
-0.00185413    0.998637   0.0521592   0.0113122
  0.0150626  -0.0521255    0.998527 -0.00527421
          0           0           0           1
v_world_imu:  -0.0123469 0.000900095  0.00252025
