id: 0
T_world_origin: 
 -0.984627   0.174661 0.00208406   0.962935
 -0.173749  -0.978124  -0.114388   0.616179
-0.0179406  -0.112992   0.993434  0.0347051
         0          0          0          1
T_origin_endpoint_L: 
 -0.983986  -0.177385 -0.0175209    1.05532
  0.178188  -0.976332  -0.122577   0.439057
  0.004637  -0.123736   0.992304  0.0341178
         0          0          0          1
T_origin_endpoint_R: 
 -0.975215  -0.220674 -0.0161061   0.277691
  0.220594   -0.96404  -0.148206  -0.363741
 0.0171783  -0.148085   0.988825 -0.0489352
         0          0          0          1
T_lidar_imu: 
     1      0      0  0.006
     0      1      0 -0.012
     0      0      1  0.008
     0      0      0      1
imu_bias:  0.00721052 0.000564307 -0.00865026 -0.00216042 -0.00119446 -0.00302924
frame_id: 2
num_frames: 698
frame_0
id: 0
stamp: 1772976079.345990419
T_odom_lidar: 
    0.99999  0.00387323 -0.00208972 -0.00534046
-0.00385335    0.999948  0.00943141   0.0114101
 0.00212614 -0.00942326    0.999953 -0.00806947
          0           0           0           1
T_world_lidar: 
    0.99999  0.00387323 -0.00208972 -0.00534046
-0.00385335    0.999948  0.00943141   0.0114101
 0.00212614 -0.00942326    0.999953 -0.00806947
          0           0           0           1
v_world_imu:  0.0173445 0.00205115  0.0249043
frame_1
id: 1
stamp: 1772976079.445983887
T_odom_lidar: 
   0.999986  0.00436586 -0.00307678 -0.00404645
-0.00433437    0.999939   0.0101677   0.0114578
 0.00312098  -0.0101543    0.999944 -0.00672594
          0           0           0           1
T_world_lidar: 
   0.999986  0.00436586 -0.00307678 -0.00404645
-0.00433437    0.999939   0.0101677   0.0114578
 0.00312098  -0.0101543    0.999944 -0.00672594
          0           0           0           1
v_world_imu:  0.00323924 -0.00158286 -0.00877384
frame_2
id: 2
stamp: 1772976079.546151876
T_odom_lidar: 
    0.99999  0.00407189 -0.00175503 -0.00479722
-0.00405662    0.999955  0.00862152   0.0114556
 0.00179005 -0.00861432    0.999961  -0.0079267
          0           0           0           1
T_world_lidar: 
    0.99999  0.00407189 -0.00175503 -0.00479722
-0.00405662    0.999955  0.00862152   0.0114556
 0.00179005 -0.00861432    0.999961  -0.0079267
          0           0           0           1
v_world_imu: -0.0121206 0.00022033 0.00336998
frame_3
id: 3
stamp: 1772976079.646120548
T_odom_lidar: 
    0.99999  0.00381766 -0.00247939 -0.00480655
-0.00379314    0.999945  0.00981801   0.0116127
 0.00251673 -0.00980851    0.999949 -0.00698655
          0           0           0           1
T_world_lidar: 
    0.99999  0.00381766 -0.00247939 -0.00480655
-0.00379314    0.999945  0.00981801   0.0116127
 0.00251673 -0.00980851    0.999949 -0.00698655
          0           0           0           1
v_world_imu:  -0.0064819 -0.00446786 2.50925e-05
frame_4
id: 4
stamp: 1772976079.746116400
T_odom_lidar: 
   0.999992  0.00336628 -0.00200389 -0.00526333
-0.00334747    0.999951  0.00931896   0.0106935
 0.00203516 -0.00931218    0.999955 -0.00750723
          0           0           0           1
T_world_lidar: 
   0.999992  0.00336628 -0.00200389 -0.00526333
-0.00334747    0.999951  0.00931896   0.0106935
 0.00203516 -0.00931218    0.999955 -0.00750723
          0           0           0           1
v_world_imu: -0.00271321 -0.00993627  -0.0114736
frame_5
id: 5
stamp: 1772976079.846126318
T_odom_lidar: 
   0.999987  0.00359697 -0.00348724 -0.00524223
-0.00356384    0.999949  0.00945931   0.0105442
 0.00352109 -0.00944676    0.999949 -0.00743051
          0           0           0           1
T_world_lidar: 
   0.999987  0.00359697 -0.00348724 -0.00524223
-0.00356384    0.999949  0.00945931   0.0105442
 0.00352109 -0.00944676    0.999949 -0.00743051
          0           0           0           1
v_world_imu: -0.00185703  0.00425728  0.00887513
frame_6
id: 6
stamp: 1772976079.946145773
T_odom_lidar: 
   0.999992  0.00376668 -0.00161824 -0.00512019
-0.00375122    0.999948  0.00945176   0.0106408
 0.00165376 -0.00944561    0.999954 -0.00725125
          0           0           0           1
T_world_lidar: 
   0.999992  0.00376668 -0.00161824 -0.00512019
-0.00375122    0.999948  0.00945176   0.0106408
 0.00165376 -0.00944561    0.999954 -0.00725125
          0           0           0           1
v_world_imu: 0.00366939 0.00826625 0.00610031
frame_7
id: 7
stamp: 1772976080.046278954
T_odom_lidar: 
   0.999987  0.00434851 -0.00250175  -0.0052099
-0.00432427    0.999944  0.00961733   0.0112088
 0.00254344 -0.00960639    0.999951 -0.00620612
          0           0           0           1
T_world_lidar: 
   0.999987  0.00434851 -0.00250175  -0.0052099
-0.00432427    0.999944  0.00961733   0.0112088
 0.00254344 -0.00960639    0.999951 -0.00620612
          0           0           0           1
v_world_imu: -0.00142692  0.00636339   0.0042427
frame_8
id: 8
stamp: 1772976080.146310568
T_odom_lidar: 
    0.99999  0.00411933 -0.00166237 -0.00488273
-0.00410368    0.999948   0.0093083   0.0113252
 0.00170063 -0.00930138    0.999955 -0.00677381
          0           0           0           1
T_world_lidar: 
    0.99999  0.00411933 -0.00166237 -0.00488273
-0.00410368    0.999948   0.0093083   0.0113252
 0.00170063 -0.00930138    0.999955 -0.00677381
          0           0           0           1
v_world_imu:  -0.0052349 -0.00745187  -0.0041497
frame_9
id: 9
stamp: 1772976080.246140003
T_odom_lidar: 
    0.99999  0.00404048  -0.0021611  -0.0050388
-0.00402074    0.999951  0.00906096   0.0112466
  0.0021976 -0.00905217    0.999957 -0.00702255
          0           0           0           1
T_world_lidar: 
    0.99999  0.00404048  -0.0021611  -0.0050388
-0.00402074    0.999951  0.00906096   0.0112466
  0.0021976 -0.00905217    0.999957 -0.00702255
          0           0           0           1
v_world_imu: -0.00692226  0.00231166 -0.00520906
frame_10
id: 10
stamp: 1772976080.345982790
T_odom_lidar: 
   0.999989  0.00371638 -0.00283437 -0.00578049
-0.00368896    0.999947  0.00962148    0.011691
 0.00286997 -0.00961092     0.99995 -0.00691622
          0           0           0           1
T_world_lidar: 
   0.999989  0.00371638 -0.00283437 -0.00578049
-0.00368896    0.999947  0.00962148    0.011691
 0.00286997 -0.00961092     0.99995 -0.00691622
          0           0           0           1
v_world_imu:  -0.0102458  0.00103338 0.000309898
frame_11
id: 11
stamp: 1772976080.445990801
T_odom_lidar: 
   0.999991  0.00359805 -0.00216044 -0.00611688
-0.00357759    0.999949  0.00940026   0.0109373
 0.00219415 -0.00939245    0.999953 -0.00793046
          0           0           0           1
T_world_lidar: 
   0.999991  0.00359805 -0.00216044 -0.00611688
-0.00357759    0.999949  0.00940026   0.0109373
 0.00219415 -0.00939245    0.999953 -0.00793046
          0           0           0           1
v_world_imu: 0.000600703  -0.0029498  -0.0167053
frame_12
id: 12
stamp: 1772976080.545909643
T_odom_lidar: 
   0.999991  0.00378492 -0.00197818 -0.00600958
-0.00376615    0.999949  0.00940449   0.0114092
 0.00201367 -0.00939696    0.999954 -0.00796392
          0           0           0           1
T_world_lidar: 
   0.999991  0.00378492 -0.00197818 -0.00600958
-0.00376615    0.999949  0.00940449   0.0114092
 0.00201367 -0.00939696    0.999954 -0.00796392
          0           0           0           1
v_world_imu: 0.00483581   0.013495  0.0115632
frame_13
id: 13
stamp: 1772976080.646072865
T_odom_lidar: 
    0.99999  0.00403927 -0.00209974  -0.0053987
-0.00401953    0.999948  0.00931976   0.0116646
 0.00213727 -0.00931122    0.999954 -0.00759718
          0           0           0           1
T_world_lidar: 
    0.99999  0.00403927 -0.00209974  -0.0053987
-0.00401953    0.999948  0.00931976   0.0116646
 0.00213727 -0.00931122    0.999954 -0.00759718
          0           0           0           1
v_world_imu: 0.00722623 0.00300738 0.00183525
frame_14
id: 14
stamp: 1772976080.745984077
T_odom_lidar: 
    0.99999  0.00400619 -0.00210499 -0.00482615
-0.00398606    0.999947   0.0094812   0.0117158
 0.00214286 -0.00947272    0.999953 -0.00713649
          0           0           0           1
T_world_lidar: 
    0.99999  0.00400619 -0.00210499 -0.00482615
-0.00398606    0.999947   0.0094812   0.0117158
 0.00214286 -0.00947272    0.999953 -0.00713649
          0           0           0           1
v_world_imu:   0.0101529 -0.00223532 2.40478e-05
frame_15
id: 15
stamp: 1772976080.846033573
T_odom_lidar: 
   0.999989  0.00382093 -0.00269761 -0.00427096
-0.00379586     0.99995  0.00923822   0.0111489
 0.00273277 -0.00922788    0.999954 -0.00736642
          0           0           0           1
T_world_lidar: 
   0.999989  0.00382093 -0.00269761 -0.00427096
-0.00379586     0.99995  0.00923822   0.0111489
 0.00273277 -0.00922788    0.999954 -0.00736642
          0           0           0           1
v_world_imu: -0.00756648  -0.0115932 -0.00256223
frame_16
id: 16
stamp: 1772976080.946063757
T_odom_lidar: 
   0.999991  0.00377806 -0.00172821 -0.00519327
-0.00376262    0.999954  0.00885258    0.010634
 0.00176157   -0.008846    0.999959 -0.00803577
          0           0           0           1
T_world_lidar: 
   0.999991  0.00377806 -0.00172821 -0.00519327
-0.00376262    0.999954  0.00885258    0.010634
 0.00176157   -0.008846    0.999959 -0.00803577
          0           0           0           1
v_world_imu:  -0.0081989  0.00348975 -0.00280411
frame_17
id: 17
stamp: 1772976081.046157360
T_odom_lidar: 
   0.999993  0.00320098 -0.00183227 -0.00538323
-0.00318259    0.999945  0.00994909   0.0110083
 0.00186401 -0.00994319    0.999949 -0.00731797
          0           0           0           1
T_world_lidar: 
   0.999993  0.00320098 -0.00183227 -0.00538323
-0.00318259    0.999945  0.00994909   0.0110083
 0.00186401 -0.00994319    0.999949 -0.00731797
          0           0           0           1
v_world_imu: -0.00141202  0.00370593  0.00939161
frame_18
id: 18
stamp: 1772976081.145931244
T_odom_lidar: 
   0.999991  0.00365268 -0.00219014 -0.00510548
-0.00363239    0.999951  0.00919362   0.0108767
 0.00222362 -0.00918558    0.999955 -0.00777419
          0           0           0           1
T_world_lidar: 
   0.999991  0.00365268 -0.00219014 -0.00510548
-0.00363239    0.999951  0.00919362   0.0108767
 0.00222362 -0.00918558    0.999955 -0.00777419
          0           0           0           1
v_world_imu:  0.00303512 0.000618086 -0.00717026
frame_19
id: 19
stamp: 1772976081.245902777
T_odom_lidar: 
   0.999989  0.00381632  -0.0026974 -0.00474504
-0.00379088    0.999949  0.00937372   0.0110585
 0.00273304 -0.00936339    0.999952 -0.00732666
          0           0           0           1
T_world_lidar: 
   0.999989  0.00381632  -0.0026974 -0.00474504
-0.00379088    0.999949  0.00937372   0.0110585
 0.00273304 -0.00936339    0.999952 -0.00732666
          0           0           0           1
v_world_imu:  0.0104812 0.00632157 0.00308961
frame_20
id: 20
stamp: 1772976081.345958710
T_odom_lidar: 
   0.999991  0.00396978 -0.00136827 -0.00428411
-0.00395649    0.999946  0.00957822   0.0109787
 0.00140622 -0.00957272    0.999953 -0.00701631
          0           0           0           1
T_world_lidar: 
   0.999991  0.00396978 -0.00136827 -0.00428411
-0.00395649    0.999946  0.00957822   0.0109787
 0.00140622 -0.00957272    0.999953 -0.00701631
          0           0           0           1
v_world_imu: -0.00211009 -0.00181719   0.0152595
frame_21
id: 21
stamp: 1772976081.445907593
T_odom_lidar: 
   0.999992  0.00363809 -0.00180951 -0.00435335
-0.00362092    0.999949  0.00939901   0.0112459
 0.00184361 -0.00939238    0.999954 -0.00686954
          0           0           0           1
T_world_lidar: 
   0.999992  0.00363809 -0.00180951 -0.00435335
-0.00362092    0.999949  0.00939901   0.0112459
 0.00184361 -0.00939238    0.999954 -0.00686954
          0           0           0           1
v_world_imu:  0.00266921   0.0011024 -0.00753435
frame_22
id: 22
stamp: 1772976081.545719385
T_odom_lidar: 
   0.999991  0.00368763 -0.00200128  -0.0043215
-0.00366873    0.999949  0.00936721   0.0109579
 0.00203572 -0.00935979    0.999954  -0.0071361
          0           0           0           1
T_world_lidar: 
   0.999991  0.00368763 -0.00200128  -0.0043215
-0.00366873    0.999949  0.00936721   0.0109579
 0.00203572 -0.00935979    0.999954  -0.0071361
          0           0           0           1
v_world_imu:  -0.0124998 -0.00875405 0.000463808
frame_23
id: 23
stamp: 1772976081.645809650
T_odom_lidar: 
   0.999991  0.00340412 -0.00234119 -0.00524573
-0.00338251    0.999952  0.00917431   0.0107196
 0.00237231 -0.00916631    0.999955 -0.00772945
          0           0           0           1
T_world_lidar: 
   0.999991  0.00340412 -0.00234119 -0.00524573
-0.00338251    0.999952  0.00917431   0.0107196
 0.00237231 -0.00916631    0.999955 -0.00772945
          0           0           0           1
v_world_imu: -0.00550437  0.00533411  0.00843084
frame_24
id: 24
stamp: 1772976081.745621443
T_odom_lidar: 
    0.99999  0.00353692 -0.00277033 -0.00517982
-0.00351008    0.999947  0.00963659   0.0108687
 0.00280427 -0.00962677     0.99995 -0.00721024
          0           0           0           1
T_world_lidar: 
    0.99999  0.00353692 -0.00277033 -0.00517982
-0.00351008    0.999947  0.00963659   0.0108687
 0.00280427 -0.00962677     0.99995 -0.00721024
          0           0           0           1
v_world_imu:   0.0135279  0.00191593 -0.00667103
frame_25
id: 25
stamp: 1772976081.845622301
T_odom_lidar: 
   0.999991  0.00367706 -0.00232386 -0.00442259
-0.00365554    0.999951  0.00919968    0.010873
 0.00235758  -0.0091911    0.999955 -0.00780804
          0           0           0           1
T_world_lidar: 
   0.999991  0.00367706 -0.00232386 -0.00442259
-0.00365554    0.999951  0.00919968    0.010873
 0.00235758  -0.0091911    0.999955 -0.00780804
          0           0           0           1
v_world_imu: 0.00614904 0.00656746 0.00344404
frame_26
id: 26
stamp: 1772976081.945803404
T_odom_lidar: 
   0.999989  0.00402436 -0.00246057 -0.00404194
-0.00400072    0.999946  0.00954079   0.0115397
 0.00249883 -0.00953084    0.999951 -0.00778466
          0           0           0           1
T_world_lidar: 
   0.999989  0.00402436 -0.00246057 -0.00404194
-0.00400072    0.999946  0.00954079   0.0115397
 0.00249883 -0.00953084    0.999951 -0.00778466
          0           0           0           1
v_world_imu: 0.00655283 0.00682092 -0.0034264
frame_27
id: 27
stamp: 1772976082.046049833
T_odom_lidar: 
    0.99999  0.00411544 -0.00162469 -0.00389669
-0.00410126    0.999954  0.00864207   0.0117547
 0.00166018 -0.00863532    0.999961 -0.00815795
          0           0           0           1
T_world_lidar: 
    0.99999  0.00411544 -0.00162469 -0.00389669
-0.00410126    0.999954  0.00864207   0.0117547
 0.00166018 -0.00863532    0.999961 -0.00815795
          0           0           0           1
v_world_imu: -0.00374663  0.00189581  0.00757884
frame_28
id: 28
stamp: 1772976082.145987511
T_odom_lidar: 
   0.999988  0.00401827  -0.0028442 -0.00441218
-0.00399199     0.99995  0.00918387   0.0117686
 0.00288096  -0.0091724    0.999954 -0.00756357
          0           0           0           1
T_world_lidar: 
   0.999988  0.00401827  -0.0028442 -0.00441218
-0.00399199     0.99995  0.00918387   0.0117686
 0.00288096  -0.0091724    0.999954 -0.00756357
          0           0           0           1
v_world_imu:    -0.01187  -0.0084053 -0.00174262
frame_29
id: 29
stamp: 1772976082.245980263
T_odom_lidar: 
    0.99999  0.00394868 -0.00230709  -0.0051934
-0.00392759    0.999951  0.00907668   0.0108793
 0.00234282 -0.00906752    0.999956 -0.00726742
          0           0           0           1
T_world_lidar: 
    0.99999  0.00394868 -0.00230709  -0.0051934
-0.00392759    0.999951  0.00907668   0.0108793
 0.00234282 -0.00906752    0.999956 -0.00726742
          0           0           0           1
v_world_imu: -0.00823169 -0.00899339  0.00167483
frame_30
id: 30
stamp: 1772976082.345976114
T_odom_lidar: 
   0.999991  0.00318333 -0.00266171 -0.00560023
-0.00315723    0.999947   0.0097525   0.0108046
 0.00269261 -0.00974402    0.999949 -0.00708343
          0           0           0           1
T_world_lidar: 
   0.999991  0.00318333 -0.00266171 -0.00560023
-0.00315723    0.999947   0.0097525   0.0108046
 0.00269261 -0.00974402    0.999949 -0.00708343
          0           0           0           1
v_world_imu: -0.00513368  0.00633713  0.00550461
frame_31
id: 31
stamp: 1772976082.445939541
T_odom_lidar: 
    0.99999  0.00386247 -0.00210499 -0.00533682
 -0.0038424    0.999948  0.00945695   0.0109689
 0.00214141 -0.00944877    0.999953 -0.00723429
          0           0           0           1
T_world_lidar: 
    0.99999  0.00386247 -0.00210499 -0.00533682
 -0.0038424    0.999948  0.00945695   0.0109689
 0.00214141 -0.00944877    0.999953 -0.00723429
          0           0           0           1
v_world_imu:   0.0149414  0.00365684 -0.00873673
frame_32
id: 32
stamp: 1772976082.545811415
T_odom_lidar: 
   0.999991   0.0038402 -0.00167956 -0.00467467
-0.00382414    0.999948  0.00946065   0.0109539
  0.0017158 -0.00945414    0.999954 -0.00735797
          0           0           0           1
T_world_lidar: 
   0.999991   0.0038402 -0.00167956 -0.00467467
-0.00382414    0.999948  0.00946065   0.0109539
  0.0017158 -0.00945414    0.999954 -0.00735797
          0           0           0           1
v_world_imu: 0.00563409 0.00422387 0.00392863
frame_33
id: 33
stamp: 1772976082.645770311
T_odom_lidar: 
   0.999992  0.00390921 -0.00118158 -0.00456388
-0.00389743    0.999944  0.00981109   0.0109573
 0.00121986  -0.0098064    0.999951 -0.00764846
          0           0           0           1
T_world_lidar: 
   0.999992  0.00390921 -0.00118158 -0.00456388
-0.00389743    0.999944  0.00981109   0.0109573
 0.00121986  -0.0098064    0.999951 -0.00764846
          0           0           0           1
v_world_imu: 2.94523e-05 -0.00745356 -0.00220006
frame_34
id: 34
stamp: 1772976082.745549202
T_odom_lidar: 
   0.999994   0.0034282 -0.00102969  -0.0046932
-0.00341861    0.999952  0.00917088   0.0101498
 0.00106108  -0.0091673    0.999957 -0.00707359
          0           0           0           1
T_world_lidar: 
   0.999994   0.0034282 -0.00102969  -0.0046932
-0.00341861    0.999952  0.00917088   0.0101498
 0.00106108  -0.0091673    0.999957 -0.00707359
          0           0           0           1
v_world_imu:  0.00216647 -0.00831603  0.00871895
frame_35
id: 35
stamp: 1772976082.845403194
T_odom_lidar: 
    0.99999  0.00338654 -0.00275758 -0.00479241
-0.00336027    0.999949  0.00947651   0.0101882
 0.00278954 -0.00946715    0.999951 -0.00639903
          0           0           0           1
T_world_lidar: 
    0.99999  0.00338654 -0.00275758 -0.00479241
-0.00336027    0.999949  0.00947651   0.0101882
 0.00278954 -0.00946715    0.999951 -0.00639903
          0           0           0           1
v_world_imu: -0.0085464 -0.0013095 0.00622338
frame_36
id: 36
stamp: 1772976082.945408106
T_odom_lidar: 
   0.999993  0.00326048 -0.00197847 -0.00523445
-0.00324177    0.999951  0.00938625   0.0099251
 0.00200898 -0.00937977    0.999954 -0.00704494
          0           0           0           1
T_world_lidar: 
   0.999993  0.00326048 -0.00197847 -0.00523445
-0.00324177    0.999951  0.00938625   0.0099251
 0.00200898 -0.00937977    0.999954 -0.00704494
          0           0           0           1
v_world_imu:  0.00530818 0.000689869  -0.0118673
frame_37
id: 37
stamp: 1772976083.045603037
T_odom_lidar: 
    0.99999  0.00359766 -0.00276715 -0.00512679
-0.00357162     0.99995  0.00935799   0.0105628
 0.00280068 -0.00934801    0.999952 -0.00698086
          0           0           0           1
T_world_lidar: 
    0.99999  0.00359766 -0.00276715 -0.00512679
-0.00357162     0.99995  0.00935799   0.0105628
 0.00280068 -0.00934801    0.999952 -0.00698086
          0           0           0           1
v_world_imu: 0.00811343 0.00946971 0.00794482
frame_38
id: 38
stamp: 1772976083.145805120
T_odom_lidar: 
    0.99999  0.00371225 -0.00242261 -0.00469718
-0.00368909    0.999948  0.00949468   0.0105598
 0.00245773 -0.00948565    0.999952 -0.00685282
          0           0           0           1
T_world_lidar: 
    0.99999  0.00371225 -0.00242261 -0.00469718
-0.00368909    0.999948  0.00949468   0.0105598
 0.00245773 -0.00948565    0.999952 -0.00685282
          0           0           0           1
v_world_imu:    0.0064628 -0.000479492  -0.00442927
frame_39
id: 39
stamp: 1772976083.245916367
T_odom_lidar: 
    0.99999  0.00371956 -0.00237486  -0.0040639
-0.00369804    0.999953  0.00899947   0.0106588
 0.00240823  -0.0089906    0.999957 -0.00762982
          0           0           0           1
T_world_lidar: 
    0.99999  0.00371956 -0.00237486  -0.0040639
-0.00369804    0.999953  0.00899947   0.0106588
 0.00240823  -0.0089906    0.999957 -0.00762982
          0           0           0           1
v_world_imu: 0.00988947 0.00498995  -0.012136
frame_40
id: 40
stamp: 1772976083.345906019
T_odom_lidar: 
   0.999992  0.00371233 -0.00161182 -0.00430622
-0.00369775    0.999953  0.00895106    0.011001
 0.00164498 -0.00894502    0.999959 -0.00815935
          0           0           0           1
T_world_lidar: 
   0.999992  0.00371233 -0.00161182 -0.00430622
-0.00369775    0.999953  0.00895106    0.011001
 0.00164498 -0.00894502    0.999959 -0.00815935
          0           0           0           1
v_world_imu:  -0.0109764 -0.00336511 0.000289184
frame_41
id: 41
stamp: 1772976083.445861816
T_odom_lidar: 
   0.999994  0.00310761 -0.00182165 -0.00482989
-0.00309055    0.999952  0.00929575   0.0108316
 0.00185045 -0.00929006    0.999955 -0.00759651
          0           0           0           1
T_world_lidar: 
   0.999994  0.00310761 -0.00182165 -0.00482989
-0.00309055    0.999952  0.00929575   0.0108316
 0.00185045 -0.00929006    0.999955 -0.00759651
          0           0           0           1
v_world_imu:  0.00206157  0.00237042 -0.00283382
frame_42
id: 42
stamp: 1772976083.545884609
T_odom_lidar: 
   0.999992  0.00293462 -0.00260249 -0.00481199
-0.00291012    0.999952  0.00936862   0.0110376
 0.00262985 -0.00936097    0.999953 -0.00723109
          0           0           0           1
T_world_lidar: 
   0.999992  0.00293462 -0.00260249 -0.00481199
-0.00291012    0.999952  0.00936862   0.0110376
 0.00262985 -0.00936097    0.999953 -0.00723109
          0           0           0           1
v_world_imu:  0.000323782 -0.000514011   0.00508673
frame_43
id: 43
stamp: 1772976083.646040916
T_odom_lidar: 
   0.999993  0.00323003 -0.00203787 -0.00524366
-0.00321046    0.999949  0.00953364   0.0103869
 0.00206856 -0.00952703    0.999952 -0.00760125
          0           0           0           1
T_world_lidar: 
   0.999993  0.00323003 -0.00203787 -0.00524366
-0.00321046    0.999949  0.00953364   0.0103869
 0.00206856 -0.00952703    0.999952 -0.00760125
          0           0           0           1
v_world_imu:  0.00570378 0.000543903 -0.00429214
frame_44
id: 44
stamp: 1772976083.746289015
T_odom_lidar: 
   0.999989  0.00374456 -0.00286176 -0.00511637
-0.00371844    0.999952  0.00907755   0.0109298
 0.00289561  -0.0090668    0.999955 -0.00731603
          0           0           0           1
T_world_lidar: 
   0.999989  0.00374456 -0.00286176 -0.00511637
-0.00371844    0.999952  0.00907755   0.0109298
 0.00289561  -0.0090668    0.999955 -0.00731603
          0           0           0           1
v_world_imu: 0.00624804 0.00841911 0.00743434
frame_45
id: 45
stamp: 1772976083.846138477
T_odom_lidar: 
   0.999988  0.00402432 -0.00289268 -0.00478594
-0.00399679    0.999947  0.00946006   0.0109221
  0.0029306 -0.00944838    0.999951 -0.00721248
          0           0           0           1
T_world_lidar: 
   0.999988  0.00402432 -0.00289268 -0.00478594
-0.00399679    0.999947  0.00946006   0.0109221
  0.0029306 -0.00944838    0.999951 -0.00721248
          0           0           0           1
v_world_imu: 0.000967446  0.00227113   0.0059952
frame_46
id: 46
stamp: 1772976083.946106434
T_odom_lidar: 
   0.999992  0.00384358 -0.00109646 -0.00518967
 -0.0038331    0.999948  0.00940799   0.0112479
 0.00113256 -0.00940371    0.999955 -0.00659992
          0           0           0           1
T_world_lidar: 
   0.999992  0.00384358 -0.00109646 -0.00518967
 -0.0038331    0.999948  0.00940799   0.0112479
 0.00113256 -0.00940371    0.999955 -0.00659992
          0           0           0           1
v_world_imu: -0.00690739 0.000819818  0.00494397
frame_47
id: 47
stamp: 1772976084.045882463
T_odom_lidar: 
    0.999992   0.00389353   0.00028384  -0.00741399
  -0.0038963     0.999937    0.0105314    0.0109838
-0.000242818   -0.0105324     0.999945   -0.0058417
           0            0            0            1
T_world_lidar: 
    0.999992   0.00389353   0.00028384  -0.00741399
  -0.0038963     0.999937    0.0105314    0.0109838
-0.000242818   -0.0105324     0.999945   -0.0058417
           0            0            0            1
v_world_imu:  -0.0458737 -0.00545249 -0.00926689
frame_48
id: 48
stamp: 1772976084.145784616
T_odom_lidar: 
   0.999975  0.00353537 -0.00610593  -0.0103649
-0.00349051    0.999967  0.00734207   0.0116741
 0.00613169 -0.00732058    0.999954 -0.00735586
          0           0           0           1
T_world_lidar: 
   0.999975  0.00353537 -0.00610593  -0.0103649
-0.00349051    0.999967  0.00734207   0.0116741
 0.00613169 -0.00732058    0.999954 -0.00735586
          0           0           0           1
v_world_imu:  0.064804   0.04859 0.0253847
frame_49
id: 49
stamp: 1772976084.245785952
T_odom_lidar: 
   0.999933  0.00828906 -0.00803786   0.0107634
-0.00826191     0.99996  0.00340543     0.01277
 0.00806577 -0.00333879    0.999962 -0.00373364
          0           0           0           1
T_world_lidar: 
   0.999933  0.00828906 -0.00803786   0.0107634
-0.00826191     0.99996  0.00340543     0.01277
 0.00806577 -0.00333879    0.999962 -0.00373364
          0           0           0           1
v_world_imu:   0.328852 -0.0123799  0.0316132
frame_50
id: 50
stamp: 1772976084.345707178
T_odom_lidar: 
   0.999905    0.012222 -0.00643901   0.0498283
 -0.0121721    0.999896   0.0077299   0.0108508
 0.00653281 -0.00765078    0.999949 -0.00256555
          0           0           0           1
T_world_lidar: 
   0.999905    0.012222 -0.00643901   0.0498283
 -0.0121721    0.999896   0.0077299   0.0108508
 0.00653281 -0.00765078    0.999949 -0.00256555
          0           0           0           1
v_world_imu:   0.479399 -0.0551804 -0.0215473
frame_51
id: 51
stamp: 1772976084.445558548
T_odom_lidar: 
     0.99985    0.0171252  -0.00268086     0.104484
  -0.0171107     0.999839   0.00532766 -0.000743937
  0.00277167  -0.00528099     0.999982    -0.010181
           0            0            0            1
T_world_lidar: 
     0.99985    0.0171252  -0.00268086     0.104484
  -0.0171107     0.999839   0.00532766 -0.000743937
  0.00277167  -0.00528099     0.999982    -0.010181
           0            0            0            1
v_world_imu:   0.65229 -0.211045 -0.140748
frame_52
id: 52
stamp: 1772976084.545256376
T_odom_lidar: 
   0.999937   0.0110256 -0.00187175    0.160257
 -0.0109979    0.999838   0.0142424  0.00773029
 0.00202847  -0.0142209    0.999897  -0.0132256
          0           0           0           1
T_world_lidar: 
   0.999937   0.0110256 -0.00187175    0.160257
 -0.0109979    0.999838   0.0142424  0.00773029
 0.00202847  -0.0142209    0.999897  -0.0132256
          0           0           0           1
v_world_imu:   0.485496   0.163554 -0.0686227
frame_53
id: 53
stamp: 1772976084.645156384
T_odom_lidar: 
   0.999992 -0.00357798 -0.00156875    0.198893
 0.00355319    0.999873  -0.0155308    0.013645
 0.00162412   0.0155251    0.999878  -0.0191241
          0           0           0           1
T_world_lidar: 
   0.999992 -0.00357798 -0.00156875    0.198893
 0.00355319    0.999873  -0.0155308    0.013645
 0.00162412   0.0155251    0.999878  -0.0191241
          0           0           0           1
v_world_imu:  0.366974 0.0525568 0.0073544
frame_54
id: 54
stamp: 1772976084.745479822
T_odom_lidar: 
   0.999947 -0.00981325  0.00308114    0.241754
 0.00992483    0.999206  -0.0385735  0.00967428
-0.00270016   0.0386021    0.999251  -0.0160183
          0           0           0           1
T_world_lidar: 
   0.999947 -0.00981325  0.00308114    0.241754
 0.00992483    0.999206  -0.0385735  0.00967428
-0.00270016   0.0386021    0.999251  -0.0160183
          0           0           0           1
v_world_imu:    0.461658   -0.100652 -0.00822299
frame_55
id: 55
stamp: 1772976084.845901489
T_odom_lidar: 
   0.999872   -0.012214   0.0103538    0.292142
  0.0126417    0.999025  -0.0422937  0.00301683
-0.00982712   0.0424191    0.999052  -0.0229812
          0           0           0           1
T_world_lidar: 
   0.999872   -0.012214   0.0103538    0.292142
  0.0126417    0.999025  -0.0422937  0.00301683
-0.00982712   0.0424191    0.999052  -0.0229812
          0           0           0           1
v_world_imu:   0.503521  -0.032777 -0.0959467
frame_56
id: 56
stamp: 1772976084.946294069
T_odom_lidar: 
   0.999992  0.00301482  0.00250421    0.339149
-0.00294582    0.999628  -0.0271134   0.0126615
-0.00258502   0.0271059    0.999629  -0.0183376
          0           0           0           1
T_world_lidar: 
   0.999992  0.00301482  0.00250421    0.339149
-0.00294582    0.999628  -0.0271134   0.0126615
-0.00258502   0.0271059    0.999629  -0.0183376
          0           0           0           1
v_world_imu: 0.472306  0.14346 0.155422
frame_57
id: 57
stamp: 1772976085.046346664
T_odom_lidar: 
   0.999996 -0.00288323 0.000626457    0.383702
 0.00289214    0.999888  -0.0147118   0.0208812
-0.00058397   0.0147135    0.999892 -0.00982176
          0           0           0           1
T_world_lidar: 
   0.999996 -0.00288323 0.000626457    0.383702
 0.00289214    0.999888  -0.0147118   0.0208812
-0.00058397   0.0147135    0.999892 -0.00982176
          0           0           0           1
v_world_imu:  0.401927 0.0422751 0.0549734
frame_58
id: 58
stamp: 1772976085.146623373
T_odom_lidar: 
   0.999915  0.00967301 -0.00872962    0.428136
-0.00957288    0.999889   0.0114393   0.0254623
  0.0088393  -0.0113547    0.999896 -0.00582445
          0           0           0           1
T_world_lidar: 
   0.999915  0.00967301 -0.00872962    0.428136
-0.00957288    0.999889   0.0114393   0.0254623
  0.0088393  -0.0113547    0.999896 -0.00582445
          0           0           0           1
v_world_imu:  0.428747 0.0588033  0.019871
frame_59
id: 59
stamp: 1772976085.246453524
T_odom_lidar: 
   0.999958  0.00867788  0.00291452    0.475144
-0.00873982    0.999721   0.0219584   0.0319724
-0.00272315   -0.021983    0.999755 -0.00305897
          0           0           0           1
T_world_lidar: 
   0.999958  0.00867788  0.00291452    0.475144
-0.00873982    0.999721   0.0219584   0.0319724
-0.00272315   -0.021983    0.999755 -0.00305897
          0           0           0           1
v_world_imu:  0.500472 0.0797823 0.0168842
frame_60
id: 60
stamp: 1772976085.346151829
T_odom_lidar: 
   0.999932  -0.0112589  0.00299628    0.521816
   0.011226    0.999879   0.0107669   0.0330723
-0.00311714  -0.0107325    0.999938  0.00711365
          0           0           0           1
T_world_lidar: 
   0.999932  -0.0112589  0.00299628    0.521816
   0.011226    0.999879   0.0107669   0.0330723
-0.00311714  -0.0107325    0.999938  0.00711365
          0           0           0           1
v_world_imu:   0.457912 -0.0715701   0.158872
frame_61
id: 61
stamp: 1772976085.445858002
T_odom_lidar: 
   0.999817  -0.0169402 -0.00891723     0.56726
  0.0169086    0.999851 -0.00360965   0.0306858
 0.00897705  0.00345821    0.999954   0.0099866
          0           0           0           1
T_world_lidar: 
   0.999817  -0.0169402 -0.00891723     0.56726
  0.0169086    0.999851 -0.00360965   0.0306858
 0.00897705  0.00345821    0.999954   0.0099866
          0           0           0           1
v_world_imu:   0.437621  0.0419239 -0.0314986
frame_62
id: 62
stamp: 1772976085.545717239
T_odom_lidar: 
   0.999663  -0.0242429 -0.00933232    0.614066
  0.0241654    0.999673 -0.00832616   0.0269573
 0.00953112  0.00809783    0.999922  0.00402905
          0           0           0           1
T_world_lidar: 
   0.999663  -0.0242429 -0.00933232    0.614066
  0.0241654    0.999673 -0.00832616   0.0269573
 0.00953112  0.00809783    0.999922  0.00402905
          0           0           0           1
v_world_imu:   0.529254 -0.0725339 -0.0708989
frame_63
id: 63
stamp: 1772976085.645778894
T_odom_lidar: 
   0.999641  -0.0234202  -0.0130421    0.665043
  0.0232267    0.999621  -0.0147916   0.0244804
  0.0133836   0.0144834    0.999806 -0.00296928
          0           0           0           1
T_world_lidar: 
   0.999641  -0.0234202  -0.0130421    0.665043
  0.0232267    0.999621  -0.0147916   0.0244804
  0.0133836   0.0144834    0.999806 -0.00296928
          0           0           0           1
v_world_imu:  0.507454 0.0214725 0.0357051
frame_64
id: 64
stamp: 1772976085.745812178
T_odom_lidar: 
  0.999661 -0.0159484 -0.0205983    0.71116
 0.0162543   0.999759  0.0147725  0.0322906
 0.0203577 -0.0151023   0.999679  0.0104393
         0          0          0          1
T_world_lidar: 
  0.999661 -0.0159484 -0.0205983    0.71116
 0.0162543   0.999759  0.0147725  0.0322906
 0.0203577 -0.0151023   0.999679  0.0104393
         0          0          0          1
v_world_imu:  0.483634   0.11236 0.0154031
frame_65
id: 65
stamp: 1772976085.845879316
T_odom_lidar: 
  0.999648 -0.0155963 -0.0214651   0.759728
 0.0159304   0.999753  0.0154805  0.0352099
 0.0212184  -0.015817    0.99965  0.0122689
         0          0          0          1
T_world_lidar: 
  0.999648 -0.0155963 -0.0214651   0.759728
 0.0159304   0.999753  0.0154805  0.0352099
 0.0212184  -0.015817    0.99965  0.0122689
         0          0          0          1
v_world_imu:   0.501112 -0.0140476  0.0469618
frame_66
id: 66
stamp: 1772976085.946083307
T_odom_lidar: 
   0.999595 -0.00538312  -0.0279275    0.807129
 0.00631103    0.999427   0.0332446   0.0389502
  0.0277326  -0.0334074    0.999057   0.0113939
          0           0           0           1
T_world_lidar: 
   0.999595 -0.00538312  -0.0279275    0.807129
 0.00631103    0.999427   0.0332446   0.0389502
  0.0277326  -0.0334074    0.999057   0.0113939
          0           0           0           1
v_world_imu:  0.481726 0.0637254 -0.021398
frame_67
id: 67
stamp: 1772976086.045819044
T_odom_lidar: 
  0.999794 -0.0192811 -0.0062998   0.858437
 0.0194205    0.99955  0.0228711  0.0396986
0.00585599 -0.0229887   0.999719  0.0131991
         0          0          0          1
T_world_lidar: 
  0.999794 -0.0192811 -0.0062998   0.858437
 0.0194205    0.99955  0.0228711  0.0396986
0.00585599 -0.0229887   0.999719  0.0131991
         0          0          0          1
v_world_imu:   0.535499 -0.0289831  0.0621648
frame_68
id: 68
stamp: 1772976086.145698309
T_odom_lidar: 
  0.999539 -0.0273568 -0.0131681    0.90559
 0.0275569   0.999504  0.0152669  0.0424805
 0.0127439 -0.0156227   0.999797  0.0238988
         0          0          0          1
T_world_lidar: 
  0.999539 -0.0273568 -0.0131681    0.90559
 0.0275569   0.999504  0.0152669  0.0424805
 0.0127439 -0.0156227   0.999797  0.0238988
         0          0          0          1
v_world_imu:    0.45266   0.041954 -0.0219622
frame_69
id: 69
stamp: 1772976086.245796919
T_odom_lidar: 
   0.998758  -0.0425573  -0.0259212    0.948856
  0.0424077    0.999081 -0.00629683   0.0506264
  0.0261654  0.00518975    0.999644    0.025781
          0           0           0           1
T_world_lidar: 
   0.998758  -0.0425573  -0.0259212    0.948856
  0.0424077    0.999081 -0.00629683   0.0506264
  0.0261654  0.00518975    0.999644    0.025781
          0           0           0           1
v_world_imu:   0.442123  0.0573451 -0.0239298
frame_70
id: 70
stamp: 1772976086.345763445
T_odom_lidar: 
    0.99884  -0.0456806  -0.0152157     0.99353
  0.0456272    0.998951 -0.00384074    0.054359
  0.0153752  0.00314204    0.999877   0.0172393
          0           0           0           1
T_world_lidar: 
    0.99884  -0.0456806  -0.0152157     0.99353
  0.0456272    0.998951 -0.00384074    0.054359
  0.0153752  0.00314204    0.999877   0.0172393
          0           0           0           1
v_world_imu:   0.426049 0.00793884  -0.159138
frame_71
id: 71
stamp: 1772976086.445962191
T_odom_lidar: 
    0.998366   -0.0571513 -0.000144068      1.02034
   0.0571508     0.998363  -0.00213562    0.0633805
 0.000265886   0.00212389     0.999998    0.0126585
           0            0            0            1
T_world_lidar: 
    0.998366   -0.0571513 -0.000144068      1.02034
   0.0571508     0.998363  -0.00213562    0.0633805
 0.000265886   0.00212389     0.999998    0.0126585
           0            0            0            1
v_world_imu:  0.136951 0.0601118 0.0265597
frame_72
id: 72
stamp: 1772976086.546391964
T_odom_lidar: 
   0.998452  -0.0556006 -0.00111108     1.02565
  0.0556017    0.998452  0.00106338    0.066665
 0.00105024 -0.00112352    0.999999   0.0133157
          0           0           0           1
T_world_lidar: 
   0.998452  -0.0556006 -0.00111108     1.02565
  0.0556017    0.998452  0.00106338    0.066665
 0.00105024 -0.00112352    0.999999   0.0133157
          0           0           0           1
v_world_imu: -0.00246641  0.00810927 -0.00856004
frame_73
id: 73
stamp: 1772976086.646623373
T_odom_lidar: 
   0.998428  -0.0558972 -0.00410599     1.02245
  0.0558939    0.998436 -0.00090732   0.0661032
 0.00415029 0.000676394    0.999991   0.0126048
          0           0           0           1
T_world_lidar: 
   0.998428  -0.0558972 -0.00410599     1.02245
  0.0558939    0.998436 -0.00090732   0.0661032
 0.00415029 0.000676394    0.999991   0.0126048
          0           0           0           1
v_world_imu: -0.0398702 -0.0176552 -0.0133927
frame_74
id: 74
stamp: 1772976086.746916294
T_odom_lidar: 
    0.99862  -0.0521648 -0.00612056     1.01901
   0.052142    0.998632 -0.00382545   0.0626447
 0.00631175  0.00350103    0.999974   0.0144002
          0           0           0           1
T_world_lidar: 
    0.99862  -0.0521648 -0.00612056     1.01901
   0.052142    0.998632 -0.00382545   0.0626447
 0.00631175  0.00350103    0.999974   0.0144002
          0           0           0           1
v_world_imu: 0.00734119 -0.0943375  0.0840648
frame_75
id: 75
stamp: 1772976086.847619534
T_odom_lidar: 
   0.999693   0.0238793 -0.00656081     1.02171
 -0.0239085    0.999704 -0.00442016   0.0505258
 0.00645332  0.00457566    0.999969   0.0203465
          0           0           0           1
T_world_lidar: 
   0.999693   0.0238793 -0.00656081     1.02171
 -0.0239085    0.999704 -0.00442016   0.0505258
 0.00645332  0.00457566    0.999969   0.0203465
          0           0           0           1
v_world_imu: 0.0219782 -0.115841 0.0272513
frame_76
id: 76
stamp: 1772976086.947890282
T_odom_lidar: 
   0.995082   0.0988062 -0.00701417      1.0237
 -0.0988591    0.995072 -0.00764324   0.0406605
  0.0062244  0.00829907    0.999946   0.0249675
          0           0           0           1
T_world_lidar: 
   0.995082   0.0988062 -0.00701417      1.0237
 -0.0988591    0.995072 -0.00764324   0.0406605
  0.0062244  0.00829907    0.999946   0.0249675
          0           0           0           1
v_world_imu: 0.0130088 -0.119735 0.0354399
frame_77
id: 77
stamp: 1772976087.047886610
T_odom_lidar: 
   0.984906    0.172812 -0.00979691     1.02814
  -0.172776    0.984951  0.00438169   0.0308972
  0.0104067 -0.00262288    0.999942   0.0272116
          0           0           0           1
