id: 0
T_world_origin: 
    0.999673  0.000607283    0.0255585 -0.000445555
  -0.0013094     0.999622    0.0274635  -0.00126893
  -0.0255321   -0.0274879     0.999296    0.0040229
           0            0            0            1
T_origin_endpoint_L: 
           1  0.000171349 -0.000440024  0.000213263
-0.000171495            1  -0.00033115   0.00104494
 0.000439967  0.000331225            1  -0.00436963
           0            0            0            1
T_origin_endpoint_R: 
           1  2.98231e-05  2.66321e-05  0.000201311
-2.98236e-05            1  2.01581e-05  0.000245336
-2.66315e-05 -2.01589e-05            1  0.000346032
           0            0            0            1
T_lidar_imu: 
     1      0      0  0.006
     0      1      0 -0.012
     0      0      1  0.008
     0      0      0      1
imu_bias:  0.000152965  0.000262334  -0.00815352 -0.000956671 -0.000888273 -0.000718807
frame_id: 2
num_frames: 41
frame_0
id: 0
stamp: 1773558830.370103359
T_odom_lidar: 
   0.999684 0.000787042   0.0251184 -0.00653302
-0.00146875    0.999631    0.027133   0.0114426
 -0.0250877  -0.0271613    0.999316 -0.00854776
          0           0           0           1
T_world_lidar: 
   0.999684 0.000787042   0.0251184 -0.00653302
-0.00146875    0.999631    0.027133   0.0114426
 -0.0250877  -0.0271613    0.999316 -0.00854776
          0           0           0           1
v_world_imu: 0.00681337 -0.0112674  0.0816471
frame_1
id: 1
stamp: 1773558830.470295429
T_odom_lidar: 
   0.999718  0.00109364   0.0237026 -0.00612409
-0.00176835    0.999593   0.0284632   0.0106824
 -0.0236618  -0.0284971    0.999314 -0.00350492
          0           0           0           1
T_world_lidar: 
   0.999718  0.00109364   0.0237026 -0.00612409
-0.00176835    0.999593   0.0284632   0.0106824
 -0.0236618  -0.0284971    0.999314 -0.00350492
          0           0           0           1
v_world_imu:  -0.00502558 -8.33095e-05   0.00203721
frame_2
id: 2
stamp: 1773558830.570285559
T_odom_lidar: 
   0.999652 0.000655191   0.0263566 -0.00715137
-0.00136173     0.99964    0.026798   0.0109842
 -0.0263296  -0.0268245    0.999293 -0.00665136
          0           0           0           1
T_world_lidar: 
   0.999652 0.000655191   0.0263566 -0.00715137
-0.00136173     0.99964    0.026798   0.0109842
 -0.0263296  -0.0268245    0.999293 -0.00665136
          0           0           0           1
v_world_imu: -0.00551698 -0.00156799  -0.0189355
frame_3
id: 3
stamp: 1773558830.670165300
T_odom_lidar: 
   0.999688 0.000899924   0.0249629 -0.00692102
-0.00159592     0.99961   0.0278755   0.0102768
 -0.0249281  -0.0279067      0.9993 -0.00595979
          0           0           0           1
T_world_lidar: 
   0.999688 0.000899924   0.0249629 -0.00692102
-0.00159592     0.99961   0.0278755   0.0102768
 -0.0249281  -0.0279067      0.9993 -0.00595979
          0           0           0           1
v_world_imu:  0.00291559 -0.00366592   0.0131667
frame_4
id: 4
stamp: 1773558830.770215511
T_odom_lidar: 
    0.99968 0.000757463   0.0252825 -0.00684125
-0.00145374     0.99962   0.0275329   0.0102872
  -0.025252  -0.0275608    0.999301 -0.00507284
          0           0           0           1
T_world_lidar: 
    0.99968 0.000757463   0.0252825 -0.00684125
-0.00145374     0.99962   0.0275329   0.0102872
  -0.025252  -0.0275608    0.999301 -0.00507284
          0           0           0           1
v_world_imu: -0.000239353  0.000248427   0.00436319
frame_5
id: 5
stamp: 1773558830.870185852
T_odom_lidar: 
   0.999676 0.000767248   0.0254605 -0.00668742
-0.00146145    0.999627   0.0272583   0.0102954
 -0.0254301  -0.0272867    0.999304 -0.00486285
          0           0           0           1
T_world_lidar: 
   0.999676 0.000767248   0.0254605 -0.00668742
-0.00146145    0.999627   0.0272583   0.0102954
 -0.0254301  -0.0272867    0.999304 -0.00486285
          0           0           0           1
v_world_imu:   0.00289942 -0.000636981   0.00386894
frame_6
id: 6
stamp: 1773558830.970133066
T_odom_lidar: 
   0.999677 0.000749145   0.0253991 -0.00654174
-0.00144825     0.99962   0.0275176    0.010019
 -0.0253688  -0.0275455    0.999299 -0.00438264
          0           0           0           1
T_world_lidar: 
   0.999677 0.000749145   0.0253991 -0.00654174
-0.00144825     0.99962   0.0275176    0.010019
 -0.0253688  -0.0275455    0.999299 -0.00438264
          0           0           0           1
v_world_imu: 0.000373079 -0.00227383  0.00290934
frame_7
id: 7
stamp: 1773558831.070102453
T_odom_lidar: 
   0.999677 0.000558339   0.0253962 -0.00633224
-0.00125107    0.999627   0.0272693    0.010042
 -0.0253715  -0.0272923    0.999305 -0.00434242
          0           0           0           1
T_world_lidar: 
   0.999677 0.000558339   0.0253962 -0.00633224
-0.00125107    0.999627   0.0272693    0.010042
 -0.0253715  -0.0272923    0.999305 -0.00434242
          0           0           0           1
v_world_imu:  0.00341981  0.00129269 0.000676629
frame_8
id: 8
stamp: 1773558831.169986486
T_odom_lidar: 
   0.999676 0.000542096   0.0254342 -0.00612943
-0.00123987    0.999623   0.0274267   0.0100802
 -0.0254097  -0.0274494      0.9993 -0.00420111
          0           0           0           1
T_world_lidar: 
   0.999676 0.000542096   0.0254342 -0.00612943
-0.00123987    0.999623   0.0274267   0.0100802
 -0.0254097  -0.0274494      0.9993 -0.00420111
          0           0           0           1
v_world_imu: -0.000810083    -0.001252  0.000578117
frame_9
id: 9
stamp: 1773558831.270114183
T_odom_lidar: 
   0.999673 0.000884029   0.0255591 -0.00630002
-0.00158342    0.999624   0.0273565  0.00995398
 -0.0255253   -0.027388    0.999299 -0.00417448
          0           0           0           1
T_world_lidar: 
   0.999673 0.000884029   0.0255591 -0.00630002
-0.00158342    0.999624   0.0273565  0.00995398
 -0.0255253   -0.027388    0.999299 -0.00417448
          0           0           0           1
v_world_imu: -0.00161349 0.000933946 0.000323026
frame_10
id: 10
stamp: 1773558831.370167017
T_odom_lidar: 
   0.999674 0.000560843   0.0255101 -0.00646948
-0.00126247    0.999621   0.0274961   0.0102082
  -0.025485  -0.0275193    0.999296 -0.00411049
          0           0           0           1
T_world_lidar: 
   0.999674 0.000560843   0.0255101 -0.00646948
-0.00126247    0.999621   0.0274961   0.0102082
  -0.025485  -0.0275193    0.999296 -0.00411049
          0           0           0           1
v_world_imu:  -0.0020443  0.00133137 0.000538444
frame_11
id: 11
stamp: 1773558831.470123053
T_odom_lidar: 
   0.999676  0.00084231   0.0254537 -0.00662367
-0.00154301     0.99962   0.0275213   0.0100413
 -0.0254209  -0.0275517    0.999297 -0.00402231
          0           0           0           1
T_world_lidar: 
   0.999676  0.00084231   0.0254537 -0.00662367
-0.00154301     0.99962   0.0275213   0.0100413
 -0.0254209  -0.0275517    0.999297 -0.00402231
          0           0           0           1
v_world_imu: 0.000321944 -0.00176801 0.000346159
frame_12
id: 12
stamp: 1773558831.570180178
T_odom_lidar: 
   0.999676 0.000637823   0.0254494 -0.00636483
-0.00133347    0.999626   0.0273268   0.0101182
 -0.0254224  -0.0273519    0.999303 -0.00399425
          0           0           0           1
T_world_lidar: 
   0.999676 0.000637823   0.0254494 -0.00636483
-0.00133347    0.999626   0.0273268   0.0101182
 -0.0254224  -0.0273519    0.999303 -0.00399425
          0           0           0           1
v_world_imu:  0.00152056  0.00239529 0.000115584
frame_13
id: 13
stamp: 1773558831.670301199
T_odom_lidar: 
   0.999678 0.000775243   0.0253454 -0.00656474
-0.00147075    0.999623    0.027434   0.0102573
 -0.0253146  -0.0274625    0.999302 -0.00399843
          0           0           0           1
T_world_lidar: 
   0.999678 0.000775243   0.0253454 -0.00656474
-0.00147075    0.999623    0.027434   0.0102573
 -0.0253146  -0.0274625    0.999302 -0.00399843
          0           0           0           1
v_world_imu:  -0.00301588  0.000734138 -0.000475393
frame_14
id: 14
stamp: 1773558831.770203590
T_odom_lidar: 
    0.99968 0.000608888   0.0252864 -0.00662157
-0.00130151    0.999624   0.0273835   0.0104021
 -0.0252602  -0.0274077    0.999305 -0.00404956
          0           0           0           1
T_world_lidar: 
    0.99968 0.000608888   0.0252864 -0.00662157
-0.00130151    0.999624   0.0273835   0.0104021
 -0.0252602  -0.0274077    0.999305 -0.00404956
          0           0           0           1
v_world_imu: 0.000605156   0.0017983 0.000697415
frame_15
id: 15
stamp: 1773558831.870107651
T_odom_lidar: 
   0.999671 0.000479773   0.0256347 -0.00673328
-0.00118489    0.999621   0.0274985   0.0104492
 -0.0256118  -0.0275198    0.999293 -0.00381924
          0           0           0           1
T_world_lidar: 
   0.999671 0.000479773   0.0256347 -0.00673328
-0.00118489    0.999621   0.0274985   0.0104492
 -0.0256118  -0.0275198    0.999293 -0.00381924
          0           0           0           1
v_world_imu:  -0.00295345 -0.000692955   0.00145494
frame_16
id: 16
stamp: 1773558831.970098734
T_odom_lidar: 
   0.999677  0.00079955   0.0253928 -0.00692669
-0.00149601    0.999623   0.0274202    0.010353
 -0.0253613  -0.0274493    0.999301 -0.00381358
          0           0           0           1
T_world_lidar: 
   0.999677  0.00079955   0.0253928 -0.00692669
-0.00149601    0.999623   0.0274202    0.010353
 -0.0253613  -0.0274493    0.999301 -0.00381358
          0           0           0           1
v_world_imu:   0.00047606  0.000761406 -6.84462e-05
frame_17
id: 17
stamp: 1773558832.070036411
T_odom_lidar: 
   0.999672 0.000630984   0.0255984 -0.00678641
-0.00133388    0.999622   0.0274509   0.0105728
 -0.0255714   -0.027476    0.999295 -0.00380828
          0           0           0           1
T_world_lidar: 
   0.999672 0.000630984   0.0255984 -0.00678641
-0.00133388    0.999622   0.0274509   0.0105728
 -0.0255714   -0.027476    0.999295 -0.00380828
          0           0           0           1
v_world_imu: 0.000686928  0.00127266 0.000124749
frame_18
id: 18
stamp: 1773558832.169976950
T_odom_lidar: 
   0.999675 0.000881461    0.025481 -0.00681904
-0.00157941    0.999624   0.0273838   0.0104698
 -0.0254472  -0.0274151      0.9993 -0.00389412
          0           0           0           1
T_world_lidar: 
   0.999675 0.000881461    0.025481 -0.00681904
-0.00157941    0.999624   0.0273838   0.0104698
 -0.0254472  -0.0274151      0.9993 -0.00389412
          0           0           0           1
v_world_imu: -0.000160063  -0.00117488  -0.00186013
frame_19
id: 19
stamp: 1773558832.269962549
T_odom_lidar: 
   0.999677 0.000514359   0.0254094 -0.00670489
-0.00120835    0.999626   0.0273048   0.0105141
 -0.0253859  -0.0273267    0.999304 -0.00413979
          0           0           0           1
T_world_lidar: 
   0.999677 0.000514359   0.0254094 -0.00670489
-0.00120835    0.999626   0.0273048   0.0105141
 -0.0253859  -0.0273267    0.999304 -0.00413979
          0           0           0           1
v_world_imu:  0.00147633   0.0011676 -0.00111173
frame_20
id: 20
stamp: 1773558832.370028734
T_odom_lidar: 
   0.999673 0.000607283   0.0255585 -0.00664077
 -0.0013094    0.999622   0.0274635   0.0105147
 -0.0255321  -0.0274879    0.999296 -0.00414813
          0           0           0           1
T_world_lidar: 
   0.999673 0.000607283   0.0255585 -0.00664077
 -0.0013094    0.999622   0.0274635   0.0105147
 -0.0255321  -0.0274879    0.999296 -0.00414813
          0           0           0           1
v_world_imu:  0.000503897 -0.000340702  -0.00132646
frame_21
id: 21
stamp: 1773558832.470072269
T_odom_lidar: 
    0.99968 0.000588886   0.0252709 -0.00639409
-0.00128042    0.999625   0.0273574   0.0106632
 -0.0252453   -0.027381    0.999306 -0.00443436
          0           0           0           1
T_world_lidar: 
    0.99968 0.000588886   0.0252709 -0.00639409
-0.00128042    0.999625   0.0273574   0.0106632
 -0.0252453   -0.027381    0.999306 -0.00443436
          0           0           0           1
v_world_imu:  0.00261778  0.00307857 -0.00314899
frame_22
id: 22
stamp: 1773558832.570089102
T_odom_lidar: 
   0.999674 0.000753602    0.025525 -0.00638892
-0.00145412    0.999622   0.0274368   0.0108667
 -0.0254947   -0.027465    0.999298 -0.00462608
          0           0           0           1
T_world_lidar: 
   0.999674 0.000753602    0.025525 -0.00638892
-0.00145412    0.999622   0.0274368   0.0108667
 -0.0254947   -0.027465    0.999298 -0.00462608
          0           0           0           1
v_world_imu:  -0.00224977 -0.000389239   0.00189278
frame_23
id: 23
stamp: 1773558832.670371771
T_odom_lidar: 
    0.99968 0.000742217   0.0252741 -0.00658076
-0.00143561    0.999623    0.027428   0.0106719
 -0.0252442  -0.0274555    0.999304 -0.00413016
          0           0           0           1
T_world_lidar: 
    0.99968 0.000742217   0.0252741 -0.00658076
-0.00143561    0.999623    0.027428   0.0106719
 -0.0252442  -0.0274555    0.999304 -0.00413016
          0           0           0           1
v_world_imu: -0.000889873   -0.0019199   0.00342632
frame_24
id: 24
stamp: 1773558832.770137548
T_odom_lidar: 
    0.99967 0.000468905   0.0256826 -0.00667448
-0.00117159    0.999625   0.0273522   0.0104644
 -0.0256601  -0.0273733    0.999296 -0.00414775
          0           0           0           1
T_world_lidar: 
    0.99967 0.000468905   0.0256826 -0.00667448
-0.00117159    0.999625   0.0273522   0.0104644
 -0.0256601  -0.0273733    0.999296 -0.00414775
          0           0           0           1
v_world_imu:  -0.00210161  -0.00265786 -0.000106141
frame_25
id: 25
stamp: 1773558832.870238543
T_odom_lidar: 
   0.999676 0.000806633   0.0254229 -0.00685052
 -0.0015003    0.999627   0.0272778   0.0102637
 -0.0253914  -0.0273071    0.999305 -0.00403728
          0           0           0           1
T_world_lidar: 
   0.999676 0.000806633   0.0254229 -0.00685052
 -0.0015003    0.999627   0.0272778   0.0102637
 -0.0253914  -0.0273071    0.999305 -0.00403728
          0           0           0           1
v_world_imu: -0.00033928 0.000971871  0.00210573
frame_26
id: 26
stamp: 1773558832.970101595
T_odom_lidar: 
   0.999672 0.000502172   0.0256156 -0.00674267
-0.00120794     0.99962   0.0275441   0.0106789
  -0.025592   -0.027566    0.999292 -0.00380461
          0           0           0           1
T_world_lidar: 
   0.999672 0.000502172   0.0256156 -0.00674267
-0.00120794     0.99962   0.0275441   0.0106789
  -0.025592   -0.027566    0.999292 -0.00380461
          0           0           0           1
v_world_imu: 0.00178813 0.00412215 0.00084515
frame_27
id: 27
stamp: 1773558833.070101738
T_odom_lidar: 
   0.999677 0.000908543   0.0254094 -0.00667601
-0.00160326    0.999625   0.0273341   0.0108694
 -0.0253751   -0.027366    0.999303 -0.00394083
          0           0           0           1
T_world_lidar: 
   0.999677 0.000908543   0.0254094 -0.00667601
-0.00160326    0.999625   0.0273341   0.0108694
 -0.0253751   -0.027366    0.999303 -0.00394083
          0           0           0           1
v_world_imu: -5.17264e-05  0.000281887  -0.00170045
frame_28
id: 28
stamp: 1773558833.170057535
T_odom_lidar: 
   0.999674 0.000845707   0.0255209 -0.00655048
-0.00154673    0.999622   0.0274615    0.010905
  -0.025488   -0.027492    0.999297 -0.00405007
          0           0           0           1
T_world_lidar: 
   0.999674 0.000845707   0.0255209 -0.00655048
-0.00154673    0.999622   0.0274615    0.010905
  -0.025488   -0.027492    0.999297 -0.00405007
          0           0           0           1
v_world_imu:  0.00180266 0.000846157 -0.00046268
frame_29
id: 29
stamp: 1773558833.270089388
T_odom_lidar: 
   0.999675 0.000899871   0.0254645 -0.00664155
-0.00159941    0.999622    0.027464   0.0109062
 -0.0254302  -0.0274958    0.999298 -0.00405528
          0           0           0           1
T_world_lidar: 
   0.999675 0.000899871   0.0254645 -0.00664155
-0.00159941    0.999622    0.027464   0.0109062
 -0.0254302  -0.0274958    0.999298 -0.00405528
          0           0           0           1
v_world_imu: -0.00353883 -0.00135516  0.00012675
frame_30
id: 30
stamp: 1773558833.370197535
T_odom_lidar: 
   0.999676 0.000756132   0.0254357 -0.00693118
-0.00145486    0.999622    0.027463   0.0108511
 -0.0254053  -0.0274911    0.999299 -0.00402224
          0           0           0           1
T_world_lidar: 
   0.999676 0.000756132   0.0254357 -0.00693118
-0.00145486    0.999622    0.027463   0.0108511
 -0.0254053  -0.0274911    0.999299 -0.00402224
          0           0           0           1
v_world_imu: -0.000584748 -0.000326364  0.000563691
frame_31
id: 31
stamp: 1773558833.470145941
T_odom_lidar: 
   0.999671 0.000535702   0.0256366 -0.00699822
-0.00123725    0.999625   0.0273569   0.0107264
 -0.0256124  -0.0273797    0.999297 -0.00395881
          0           0           0           1
T_world_lidar: 
   0.999671 0.000535702   0.0256366 -0.00699822
-0.00123725    0.999625   0.0273569   0.0107264
 -0.0256124  -0.0273797    0.999297 -0.00395881
          0           0           0           1
v_world_imu:   -0.002728 -0.00121739 0.000322756
frame_32
id: 32
stamp: 1773558833.570226908
T_odom_lidar: 
   0.999676 0.000764753   0.0254606 -0.00729645
-0.00146122    0.999625   0.0273475   0.0107256
 -0.0254301  -0.0273758    0.999302 -0.00395192
          0           0           0           1
T_world_lidar: 
   0.999676 0.000764753   0.0254606 -0.00729645
-0.00146122    0.999625   0.0273475   0.0107256
 -0.0254301  -0.0273758    0.999302 -0.00395192
          0           0           0           1
v_world_imu: -0.000198708   0.00148387 -0.000214481
frame_33
id: 33
stamp: 1773558833.670198441
T_odom_lidar: 
   0.999675 0.000689795   0.0254956 -0.00702581
-0.00138966    0.999622   0.0274429   0.0109477
 -0.0254671  -0.0274694    0.999298 -0.00393841
          0           0           0           1
T_world_lidar: 
   0.999675 0.000689795   0.0254956 -0.00702581
-0.00138966    0.999622   0.0274429   0.0109477
 -0.0254671  -0.0274694    0.999298 -0.00393841
          0           0           0           1
v_world_imu:   0.00170125   0.00117916 -0.000125034
frame_34
id: 34
stamp: 1773558833.770278215
T_odom_lidar: 
   0.999676 0.000937713   0.0254472 -0.00708848
-0.00163191    0.999627   0.0272727   0.0109251
 -0.0254121  -0.0273054    0.999304 -0.00396906
          0           0           0           1
T_world_lidar: 
   0.999676 0.000937713   0.0254472 -0.00708848
-0.00163191    0.999627   0.0272727   0.0109251
 -0.0254121  -0.0273054    0.999304 -0.00396906
          0           0           0           1
v_world_imu:  5.96993e-05  0.000179599 -0.000130579
frame_35
id: 35
stamp: 1773558833.870574474
T_odom_lidar: 
   0.999673 0.000767563   0.0255411 -0.00681139
-0.00146977    0.999621   0.0274857   0.0110698
 -0.0255103  -0.0275142    0.999296 -0.00394382
          0           0           0           1
T_world_lidar: 
   0.999673 0.000767563   0.0255411 -0.00681139
-0.00146977    0.999621   0.0274857   0.0110698
 -0.0255103  -0.0275142    0.999296 -0.00394382
          0           0           0           1
v_world_imu:  0.00213341 9.83235e-05 -0.00015973
frame_36
id: 36
stamp: 1773558833.970288515
T_odom_lidar: 
   0.999671 0.000791448   0.0256542 -0.00695749
-0.00149692    0.999621   0.0274916   0.0107749
 -0.0256227  -0.0275209    0.999293 -0.00399379
          0           0           0           1
T_world_lidar: 
   0.999671 0.000791448   0.0256542 -0.00695749
-0.00149692    0.999621   0.0274916   0.0107749
 -0.0256227  -0.0275209    0.999293 -0.00399379
          0           0           0           1
v_world_imu:  -0.00205003  -0.00381448 -0.000768058
frame_37
id: 37
stamp: 1773558834.070656061
T_odom_lidar: 
   0.999679 0.000729844    0.025337 -0.00678294
-0.00142576    0.999622   0.0274592   0.0106096
 -0.0253074  -0.0274865    0.999302 -0.00405114
          0           0           0           1
T_world_lidar: 
   0.999679 0.000729844    0.025337 -0.00678294
-0.00142576    0.999622   0.0274592   0.0106096
 -0.0253074  -0.0274865    0.999302 -0.00405114
          0           0           0           1
v_world_imu:  0.00467264 0.000880167 0.000115359
frame_38
id: 38
stamp: 1773558834.170505285
T_odom_lidar: 
   0.999673 0.000577887   0.0255597 -0.00649476
-0.00128126    0.999621   0.0275109   0.0107306
 -0.0255341  -0.0275347    0.999295 -0.00398082
          0           0           0           1
T_world_lidar: 
   0.999673 0.000577887   0.0255597 -0.00649476
-0.00128126    0.999621   0.0275109   0.0107306
 -0.0255341  -0.0275347    0.999295 -0.00398082
          0           0           0           1
v_world_imu: -0.000198129 -6.79846e-05  0.000824118
frame_39
id: 39
stamp: 1773558834.270490408
T_odom_lidar: 
   0.999679 0.000872931   0.0253074 -0.00652196
-0.00156662    0.999623   0.0274036    0.010683
 -0.0252739  -0.0274344    0.999304 -0.00389541
          0           0           0           1
T_world_lidar: 
   0.999679 0.000872931   0.0253074 -0.00652196
-0.00156662    0.999623   0.0274036    0.010683
 -0.0252739  -0.0274344    0.999304 -0.00389541
          0           0           0           1
v_world_imu: 0.000637567 0.000180033  0.00180248
frame_40
id: 40
stamp: 1773558834.370529413
T_odom_lidar: 
   0.999672 0.000636581   0.0255851 -0.00643039
-0.00133995    0.999621   0.0274836   0.0107692
 -0.0255579  -0.0275088    0.999295 -0.00381432
          0           0           0           1
T_world_lidar: 
   0.999672 0.000636581   0.0255851 -0.00643039
-0.00133995    0.999621   0.0274836   0.0107692
 -0.0255579  -0.0275088    0.999295 -0.00381432
          0           0           0           1
v_world_imu:  0.00166727    0.001864 -0.00361056
