id: 0
T_world_origin: 
  -0.697264   -0.711534  -0.0868489   -0.213309
   0.714423   -0.699707 -0.00317034    0.866461
  -0.058513  -0.0642574    0.996216  -0.0376505
          0           0           0           1
T_origin_endpoint_L: 
 -0.699653    0.71423 -0.0190153  -0.771482
 -0.710556  -0.698347 -0.0861488   0.450565
-0.0748093 -0.0467628   0.996101  0.0218994
         0          0          0          1
T_origin_endpoint_R: 
 -0.524876  -0.844583  -0.105757    10.8454
  0.850181  -0.526213 -0.0171061    24.6912
-0.0412034 -0.0988916   0.994245    1.33752
         0          0          0          1
T_lidar_imu: 
     1      0      0  0.006
     0      1      0 -0.012
     0      0      1  0.008
     0      0      0      1
imu_bias:    0.020605  0.00345015  -0.0203396 -0.00217809 -0.00251836 -0.00345483
frame_id: 2
num_frames: 2125
frame_0
id: 0
stamp: 1773413567.897308588
T_odom_lidar: 
   0.999924   0.0029524  -0.0119538 -0.00374573
-0.00242935    0.999049    0.043536   0.0116183
   0.012071  -0.0435036     0.99898  -0.0082307
          0           0           0           1
T_world_lidar: 
   0.999924   0.0029524  -0.0119538 -0.00374573
-0.00242935    0.999049    0.043536   0.0116183
   0.012071  -0.0435036     0.99898  -0.0082307
          0           0           0           1
v_world_imu: -0.00305825 -0.00574507   0.0167048
frame_1
id: 1
stamp: 1773413567.997375488
T_odom_lidar: 
   0.999916  0.00267606  -0.0126547 -0.00342197
 -0.0021229     0.99905   0.0435247   0.0109344
  0.0127592  -0.0434942    0.998972 -0.00640521
          0           0           0           1
T_world_lidar: 
   0.999916  0.00267606  -0.0126547 -0.00342197
 -0.0021229     0.99905   0.0435247   0.0109344
  0.0127592  -0.0434942    0.998972 -0.00640521
          0           0           0           1
v_world_imu:   0.00420365  -0.00489556 -0.000115051
frame_2
id: 2
stamp: 1773413568.097559929
T_odom_lidar: 
   0.999921  0.00253947  -0.0122875 -0.00322301
-0.00199461    0.999023   0.0441527   0.0104717
  0.0123876  -0.0441247    0.998949 -0.00623159
          0           0           0           1
T_world_lidar: 
   0.999921  0.00253947  -0.0122875 -0.00322301
-0.00199461    0.999023   0.0441527   0.0104717
  0.0123876  -0.0441247    0.998949 -0.00623159
          0           0           0           1
v_world_imu: -0.00222665 -0.00186693   0.0120799
frame_3
id: 3
stamp: 1773413568.197278261
T_odom_lidar: 
   0.999924  0.00290541  -0.0119585 -0.00318278
 -0.0023798     0.99904    0.043735   0.0107678
  0.0120741  -0.0437033    0.998972  -0.0066731
          0           0           0           1
T_world_lidar: 
   0.999924  0.00290541  -0.0119585 -0.00318278
 -0.0023798     0.99904    0.043735   0.0107678
  0.0120741  -0.0437033    0.998972  -0.0066731
          0           0           0           1
v_world_imu: -0.00363108  0.00464266 -0.00840424
frame_4
id: 4
stamp: 1773413568.297039509
T_odom_lidar: 
   0.999918  0.00268799  -0.0125481 -0.00349601
 -0.0021429    0.999062   0.0432531   0.0107207
  0.0126526  -0.0432226    0.998985 -0.00637723
          0           0           0           1
T_world_lidar: 
   0.999918  0.00268799  -0.0125481 -0.00349601
 -0.0021429    0.999062   0.0432531   0.0107207
  0.0126526  -0.0432226    0.998985 -0.00637723
          0           0           0           1
v_world_imu: -0.00261814 0.000399407  0.00239581
frame_5
id: 5
stamp: 1773413568.396954536
T_odom_lidar: 
   0.999905  0.00284416  -0.0134739 -0.00376129
 -0.0022535    0.999044    0.043652   0.0110374
  0.0135852  -0.0436175    0.998956  -0.0072716
          0           0           0           1
T_world_lidar: 
   0.999905  0.00284416  -0.0134739 -0.00376129
 -0.0022535    0.999044    0.043652   0.0110374
  0.0135852  -0.0436175    0.998956  -0.0072716
          0           0           0           1
v_world_imu:  -0.0102417  0.00336641 -0.00586359
frame_6
id: 6
stamp: 1773413568.496963263
T_odom_lidar: 
   0.999917  0.00323548  -0.0124527 -0.00397482
-0.00269551    0.999066   0.0431371   0.0106278
  0.0125807  -0.0430999    0.998992 -0.00725333
          0           0           0           1
T_world_lidar: 
   0.999917  0.00323548  -0.0124527 -0.00397482
-0.00269551    0.999066   0.0431371   0.0106278
  0.0125807  -0.0430999    0.998992 -0.00725333
          0           0           0           1
v_world_imu:  0.00221555 -0.00479534 -0.00364473
frame_7
id: 7
stamp: 1773413568.597317219
T_odom_lidar: 
    0.99991   0.0028594  -0.0131368 -0.00414738
-0.00229327    0.999076   0.0429098   0.0105823
  0.0132474  -0.0428758    0.998993  -0.0071779
          0           0           0           1
T_world_lidar: 
    0.99991   0.0028594  -0.0131368 -0.00414738
-0.00229327    0.999076   0.0429098   0.0105823
  0.0132474  -0.0428758    0.998993  -0.0071779
          0           0           0           1
v_world_imu: -0.00192529  0.00256362   0.0165429
frame_8
id: 8
stamp: 1773413568.697552681
T_odom_lidar: 
   0.999917  0.00300218  -0.0124963 -0.00334665
-0.00245661    0.999053   0.0434474   0.0106662
  0.0126149  -0.0434131    0.998978 -0.00788844
          0           0           0           1
T_world_lidar: 
   0.999917  0.00300218  -0.0124963 -0.00334665
-0.00245661    0.999053   0.0434474   0.0106662
  0.0126149  -0.0434131    0.998978 -0.00788844
          0           0           0           1
v_world_imu: 0.00199436 0.00107713 -0.0145552
frame_9
id: 9
stamp: 1773413568.797798395
T_odom_lidar: 
   0.999914  0.00299487  -0.0127837 -0.00297511
-0.00244267    0.999072   0.0429946   0.0105121
  0.0129006  -0.0429597    0.998994 -0.00801231
          0           0           0           1
T_world_lidar: 
   0.999914  0.00299487  -0.0127837 -0.00297511
-0.00244267    0.999072   0.0429946   0.0105121
  0.0129006  -0.0429597    0.998994 -0.00801231
          0           0           0           1
v_world_imu:  0.00806777  0.00577643 -0.00818439
frame_10
id: 10
stamp: 1773413568.897882462
T_odom_lidar: 
   0.999915  0.00277702    -0.01273 -0.00278377
-0.00222018    0.999049   0.0435498   0.0112978
  0.0128388  -0.0435179     0.99897 -0.00777104
          0           0           0           1
T_world_lidar: 
   0.999915  0.00277702    -0.01273 -0.00278377
-0.00222018    0.999049   0.0435498   0.0112978
  0.0128388  -0.0435179     0.99897 -0.00777104
          0           0           0           1
v_world_imu: -0.00841129    0.001286    0.013879
frame_11
id: 11
stamp: 1773413568.997821331
T_odom_lidar: 
    0.99993  0.00282576  -0.0114607 -0.00299791
-0.00231981    0.999032   0.0439217   0.0106887
  0.0115737  -0.0438921    0.998969 -0.00722246
          0           0           0           1
T_world_lidar: 
    0.99993  0.00282576  -0.0114607 -0.00299791
-0.00231981    0.999032   0.0439217   0.0106887
  0.0115737  -0.0438921    0.998969 -0.00722246
          0           0           0           1
v_world_imu: -0.00262643 -0.00196448 -0.00446364
frame_12
id: 12
stamp: 1773413569.097493172
T_odom_lidar: 
   0.999922  0.00271536  -0.0122089  -0.0032252
-0.00218386    0.999058   0.0433379   0.0104821
  0.0123151  -0.0433078    0.998986 -0.00683991
          0           0           0           1
T_world_lidar: 
   0.999922  0.00271536  -0.0122089  -0.0032252
-0.00218386    0.999058   0.0433379   0.0104821
  0.0123151  -0.0433078    0.998986 -0.00683991
          0           0           0           1
v_world_imu: -0.000909336  -0.00183233  0.000483865
frame_13
id: 13
stamp: 1773413569.197232723
T_odom_lidar: 
   0.999929  0.00324253  -0.0114327 -0.00308662
-0.00274121    0.999045    0.043596   0.0102738
  0.0115632  -0.0435616    0.998984 -0.00797605
          0           0           0           1
T_world_lidar: 
   0.999929  0.00324253  -0.0114327 -0.00308662
-0.00274121    0.999045    0.043596   0.0102738
  0.0115632  -0.0435616    0.998984 -0.00797605
          0           0           0           1
v_world_imu: -0.00590691   0.0010234  -0.0111108
frame_14
id: 14
stamp: 1773413569.297237635
T_odom_lidar: 
   0.999919  0.00297631  -0.0123373 -0.00333226
-0.00244403    0.999075    0.042936   0.0103782
  0.0124537  -0.0429024    0.999002 -0.00810521
          0           0           0           1
T_world_lidar: 
   0.999919  0.00297631  -0.0123373 -0.00333226
-0.00244403    0.999075    0.042936   0.0103782
  0.0124537  -0.0429024    0.999002 -0.00810521
          0           0           0           1
v_world_imu:   0.00558543   0.00493958 -0.000548442
frame_15
id: 15
stamp: 1773413569.397258520
T_odom_lidar: 
    0.99992   0.0031251  -0.0122628  -0.0031876
-0.00258817    0.999047   0.0435595   0.0107582
  0.0123873  -0.0435243    0.998976 -0.00807068
          0           0           0           1
T_world_lidar: 
    0.99992   0.0031251  -0.0122628  -0.0031876
-0.00258817    0.999047   0.0435595   0.0107582
  0.0123873  -0.0435243    0.998976 -0.00807068
          0           0           0           1
v_world_imu: -0.00697043 0.000818356  0.00303489
frame_16
id: 16
stamp: 1773413569.497374296
T_odom_lidar: 
   0.999917   0.0031121  -0.0124796 -0.00264706
-0.00256747    0.999053   0.0434227   0.0103554
   0.012603  -0.0433871    0.998979 -0.00878533
          0           0           0           1
T_world_lidar: 
   0.999917   0.0031121  -0.0124796 -0.00264706
-0.00256747    0.999053   0.0434227   0.0103554
   0.012603  -0.0433871    0.998979 -0.00878533
          0           0           0           1
v_world_imu: -0.00156156 0.000247182  -0.0168185
frame_17
id: 17
stamp: 1773413569.597468376
T_odom_lidar: 
   0.999937  0.00243927  -0.0109882 -0.00282266
-0.00196429    0.999072   0.0430316   0.0106408
  0.0110829  -0.0430073    0.999013 -0.00808197
          0           0           0           1
T_world_lidar: 
   0.999937  0.00243927  -0.0109882 -0.00282266
-0.00196429    0.999072   0.0430316   0.0106408
  0.0110829  -0.0430073    0.999013 -0.00808197
          0           0           0           1
v_world_imu:  0.0021443 0.00287649 0.00381263
frame_18
id: 18
stamp: 1773413569.697354794
T_odom_lidar: 
   0.999923  0.00261802  -0.0121223 -0.00272843
-0.00208779    0.999049   0.0435479   0.0107527
  0.0122248  -0.0435193    0.998978 -0.00767119
          0           0           0           1
T_world_lidar: 
   0.999923  0.00261802  -0.0121223 -0.00272843
-0.00208779    0.999049   0.0435479   0.0107527
  0.0122248  -0.0435193    0.998978 -0.00767119
          0           0           0           1
v_world_imu: -0.00771297   0.0020572   0.0187859
frame_19
id: 19
stamp: 1773413569.797564030
T_odom_lidar: 
   0.999927  0.00300819  -0.0116786 -0.00312835
-0.00249825    0.999053   0.0434358   0.0110128
  0.0117982  -0.0434035    0.998988  -0.0073341
          0           0           0           1
T_world_lidar: 
   0.999927  0.00300819  -0.0116786 -0.00312835
-0.00249825    0.999053   0.0434358   0.0110128
  0.0117982  -0.0434035    0.998988  -0.0073341
          0           0           0           1
v_world_imu: -0.00274417   0.0016554 -0.00318128
frame_20
id: 20
stamp: 1773413569.897700787
T_odom_lidar: 
    0.99992   0.0027307  -0.0123894 -0.00372277
-0.00219112    0.999057   0.0433576   0.0110179
  0.0124962  -0.0433269    0.998983 -0.00707468
          0           0           0           1
T_world_lidar: 
    0.99992   0.0027307  -0.0123894 -0.00372277
-0.00219112    0.999057   0.0433576   0.0110179
  0.0124962  -0.0433269    0.998983 -0.00707468
          0           0           0           1
v_world_imu: -0.00919143 -0.00124991  0.00824236
frame_21
id: 21
stamp: 1773413569.997967005
T_odom_lidar: 
   0.999918  0.00294778  -0.0124825 -0.00356642
-0.00240461    0.999059   0.0433078   0.0111792
  0.0125984  -0.0432743    0.998984 -0.00795804
          0           0           0           1
T_world_lidar: 
   0.999918  0.00294778  -0.0124825 -0.00356642
-0.00240461    0.999059   0.0433078   0.0111792
  0.0125984  -0.0432743    0.998984 -0.00795804
          0           0           0           1
v_world_imu: -0.0042956 0.00584522 -0.0133033
frame_22
id: 22
stamp: 1773413570.097796679
T_odom_lidar: 
   0.999925  0.00279596  -0.0119118 -0.00399291
-0.00227774     0.99906   0.0432984   0.0108778
  0.0120216   -0.043268    0.998991 -0.00754083
          0           0           0           1
T_world_lidar: 
   0.999925  0.00279596  -0.0119118 -0.00399291
-0.00227774     0.99906   0.0432984   0.0108778
  0.0120216   -0.043268    0.998991 -0.00754083
          0           0           0           1
v_world_imu: 9.63634e-05 -0.00248172  0.00509034
frame_23
id: 23
stamp: 1773413570.197734594
T_odom_lidar: 
   0.999909  0.00280073  -0.0131599 -0.00368758
-0.00222831    0.999059   0.0433119   0.0110791
  0.0132689  -0.0432787    0.998975 -0.00806031
          0           0           0           1
T_world_lidar: 
   0.999909  0.00280073  -0.0131599 -0.00368758
-0.00222831    0.999059   0.0433119   0.0110791
  0.0132689  -0.0432787    0.998975 -0.00806031
          0           0           0           1
v_world_imu: -0.00118348  0.00597003  0.00328146
frame_24
id: 24
stamp: 1773413570.297527075
T_odom_lidar: 
    0.99991   0.0032634  -0.0130117 -0.00298124
-0.00268969    0.999034   0.0438687   0.0108263
  0.0131422  -0.0438297    0.998953 -0.00788613
          0           0           0           1
T_world_lidar: 
    0.99991   0.0032634  -0.0130117 -0.00298124
-0.00268969    0.999034   0.0438687   0.0108263
  0.0131422  -0.0438297    0.998953 -0.00788613
          0           0           0           1
v_world_imu:   0.0105978 -0.00799517 -0.00625493
frame_25
id: 25
stamp: 1773413570.397321939
T_odom_lidar: 
   0.999915  0.00241171  -0.0127755 -0.00235674
-0.00186399    0.999086   0.0427129   0.0104055
  0.0128668  -0.0426855    0.999006 -0.00726807
          0           0           0           1
T_world_lidar: 
   0.999915  0.00241171  -0.0127755 -0.00235674
-0.00186399    0.999086   0.0427129   0.0104055
  0.0128668  -0.0426855    0.999006 -0.00726807
          0           0           0           1
v_world_imu: 0.00520766 0.00299337  0.0111684
frame_26
id: 26
stamp: 1773413570.497089863
T_odom_lidar: 
    0.99993  0.00255573  -0.0115517 -0.00278086
-0.00205078    0.999051   0.0435148   0.0108497
  0.0116519  -0.0434881    0.998986 -0.00755387
          0           0           0           1
T_world_lidar: 
    0.99993  0.00255573  -0.0115517 -0.00278086
-0.00205078    0.999051   0.0435148   0.0108497
  0.0116519  -0.0434881    0.998986 -0.00755387
          0           0           0           1
v_world_imu: -0.0165497  0.0040786 0.00204684
frame_27
id: 27
stamp: 1773413570.597112656
T_odom_lidar: 
   0.999928  0.00291473  -0.0116512 -0.00348657
-0.00240816    0.999061   0.0432579   0.0103246
  0.0117664  -0.0432267    0.998996 -0.00751864
          0           0           0           1
T_world_lidar: 
   0.999928  0.00291473  -0.0116512 -0.00348657
-0.00240816    0.999061   0.0432579   0.0103246
  0.0117664  -0.0432267    0.998996 -0.00751864
          0           0           0           1
v_world_imu: -0.00264827 0.000328433  -0.0103995
frame_28
id: 28
stamp: 1773413570.697400331
T_odom_lidar: 
   0.999917  0.00256645  -0.0126627 -0.00357305
 -0.0020116    0.999045   0.0436373    0.010538
  0.0127626  -0.0436081    0.998967 -0.00792357
          0           0           0           1
T_world_lidar: 
   0.999917  0.00256645  -0.0126627 -0.00357305
 -0.0020116    0.999045   0.0436373    0.010538
  0.0127626  -0.0436081    0.998967 -0.00792357
          0           0           0           1
v_world_imu:   -0.0012546   0.00368046 -0.000613211
frame_29
id: 29
stamp: 1773413570.797509432
T_odom_lidar: 
   0.999934   0.0031121  -0.0110175 -0.00322509
-0.00263394    0.999065   0.0431521   0.0106619
  0.0111415  -0.0431202    0.999008 -0.00870404
          0           0           0           1
T_world_lidar: 
   0.999934   0.0031121  -0.0110175 -0.00322509
-0.00263394    0.999065   0.0431521   0.0106619
  0.0111415  -0.0431202    0.999008 -0.00870404
          0           0           0           1
v_world_imu: -0.00108292 0.000863131  -0.0133707
frame_30
id: 30
stamp: 1773413570.897929192
T_odom_lidar: 
   0.999917  0.00286411  -0.0125357  -0.0036905
-0.00232482     0.99908   0.0428252   0.0108184
  0.0126468  -0.0427925    0.999004 -0.00790731
          0           0           0           1
T_world_lidar: 
   0.999917  0.00286411  -0.0125357  -0.0036905
-0.00232482     0.99908   0.0428252   0.0108184
  0.0126468  -0.0427925    0.999004 -0.00790731
          0           0           0           1
v_world_imu: -0.00144826  0.00401531   0.0149358
frame_31
id: 31
stamp: 1773413570.998106480
T_odom_lidar: 
   0.999916   0.0028572  -0.0126106 -0.00323882
  -0.002306     0.99905   0.0435088   0.0109874
  0.0127229   -0.043476    0.998973 -0.00826558
          0           0           0           1
T_world_lidar: 
   0.999916   0.0028572  -0.0126106 -0.00323882
  -0.002306     0.99905   0.0435088   0.0109874
  0.0127229   -0.043476    0.998973 -0.00826558
          0           0           0           1
v_world_imu: -0.000343698  -0.00310543  -0.00314901
frame_32
id: 32
stamp: 1773413571.097994804
T_odom_lidar: 
   0.999922  0.00290125  -0.0121706 -0.00310378
-0.00237438    0.999069   0.0430834   0.0104564
  0.0122843  -0.0430511    0.998997 -0.00687513
          0           0           0           1
T_world_lidar: 
   0.999922  0.00290125  -0.0121706 -0.00310378
-0.00237438    0.999069   0.0430834   0.0104564
  0.0122843  -0.0430511    0.998997 -0.00687513
          0           0           0           1
v_world_imu: 0.000320004  0.00169641   0.0111239
frame_33
id: 33
stamp: 1773413571.197842360
T_odom_lidar: 
   0.999926  0.00283619  -0.0118396 -0.00351496
-0.00231914    0.999053   0.0434588   0.0109165
  0.0119516  -0.0434281    0.998985 -0.00647216
          0           0           0           1
T_world_lidar: 
   0.999926  0.00283619  -0.0118396 -0.00351496
-0.00231914    0.999053   0.0434588   0.0109165
  0.0119516  -0.0434281    0.998985 -0.00647216
          0           0           0           1
v_world_imu:  -0.00652158  0.000108577 -0.000374301
frame_34
id: 34
stamp: 1773413571.297819853
T_odom_lidar: 
   0.999925   0.0030203  -0.0119034 -0.00343387
-0.00250067    0.999053   0.0434299   0.0107856
  0.0120234  -0.0433969    0.998986 -0.00721009
          0           0           0           1
T_world_lidar: 
   0.999925   0.0030203  -0.0119034 -0.00343387
-0.00250067    0.999053   0.0434299   0.0107856
  0.0120234  -0.0433969    0.998986 -0.00721009
          0           0           0           1
v_world_imu: -0.00189454  0.00478808 -0.00763379
frame_35
id: 35
stamp: 1773413571.397700071
T_odom_lidar: 
   0.999925   0.0028768  -0.0119073 -0.00287809
-0.00235406    0.999043   0.0436844   0.0110173
  0.0120215  -0.0436531    0.998974 -0.00678021
          0           0           0           1
T_world_lidar: 
   0.999925   0.0028768  -0.0119073 -0.00287809
-0.00235406    0.999043   0.0436844   0.0110173
  0.0120215  -0.0436531    0.998974 -0.00678021
          0           0           0           1
v_world_imu:  0.00527056 -0.00203696  0.00683142
frame_36
id: 36
stamp: 1773413571.497854710
T_odom_lidar: 
    0.99992  0.00296361  -0.0122992 -0.00298866
-0.00242016     0.99903   0.0439674   0.0107344
  0.0124176  -0.0439341    0.998957  -0.0070307
          0           0           0           1
T_world_lidar: 
    0.99992  0.00296361  -0.0122992 -0.00298866
-0.00242016     0.99903   0.0439674   0.0107344
  0.0124176  -0.0439341    0.998957  -0.0070307
          0           0           0           1
v_world_imu: -0.0119013 0.00136819 0.00425689
frame_37
id: 37
stamp: 1773413571.597877264
T_odom_lidar: 
   0.999909  0.00284995  -0.0132025 -0.00327317
-0.00227011    0.999041   0.0437275   0.0107482
  0.0133145  -0.0436935    0.998956  -0.0069933
          0           0           0           1
T_world_lidar: 
   0.999909  0.00284995  -0.0132025 -0.00327317
-0.00227011    0.999041   0.0437275   0.0107482
  0.0133145  -0.0436935    0.998956  -0.0069933
          0           0           0           1
v_world_imu:  0.00363303  0.00399515 -0.00377122
frame_38
id: 38
stamp: 1773413571.697869062
T_odom_lidar: 
   0.999923  0.00273764  -0.0120647 -0.00320824
-0.00220935    0.999047   0.0435859   0.0105561
  0.0121725  -0.0435559    0.998977 -0.00642858
          0           0           0           1
T_world_lidar: 
   0.999923  0.00273764  -0.0120647 -0.00320824
-0.00220935    0.999047   0.0435859   0.0105561
  0.0121725  -0.0435559    0.998977 -0.00642858
          0           0           0           1
v_world_imu: -0.00205308 -0.00388907   0.0113477
frame_39
id: 39
stamp: 1773413571.797675610
T_odom_lidar: 
    0.99991  0.00313292  -0.0130656 -0.00263075
-0.00256471     0.99906   0.0432812   0.0105151
  0.0131889  -0.0432438    0.998977 -0.00749932
          0           0           0           1
T_world_lidar: 
    0.99991  0.00313292  -0.0130656 -0.00263075
-0.00256471     0.99906   0.0432812   0.0105151
  0.0131889  -0.0432438    0.998977 -0.00749932
          0           0           0           1
v_world_imu: -0.00846235  0.00782088   -0.012298
frame_40
id: 40
stamp: 1773413571.897475243
T_odom_lidar: 
   0.999925  0.00277259   -0.011909 -0.00356577
 -0.0022522    0.999051   0.0434906   0.0108706
  0.0120183  -0.0434605    0.998983 -0.00682821
          0           0           0           1
T_world_lidar: 
   0.999925  0.00277259   -0.011909 -0.00356577
 -0.0022522    0.999051   0.0434906   0.0108706
  0.0120183  -0.0434605    0.998983 -0.00682821
          0           0           0           1
v_world_imu:  -0.00535054 -0.000285801   0.00519026
frame_41
id: 41
stamp: 1773413571.997066021
T_odom_lidar: 
   0.999928  0.00292125  -0.0116722 -0.00401688
-0.00241079     0.99905   0.0435099   0.0109511
  0.0117882  -0.0434786    0.998985 -0.00720216
          0           0           0           1
T_world_lidar: 
   0.999928  0.00292125  -0.0116722 -0.00401688
-0.00241079     0.99905   0.0435099   0.0109511
  0.0117882  -0.0434786    0.998985 -0.00720216
          0           0           0           1
v_world_imu: -0.0144397 0.00295489 0.00759629
frame_42
id: 42
stamp: 1773413572.096575260
T_odom_lidar: 
    0.99992  0.00287063  -0.0122937 -0.00413673
-0.00233225    0.999047   0.0435863   0.0108255
  0.0124071  -0.0435542    0.998974  -0.0074462
          0           0           0           1
T_world_lidar: 
    0.99992  0.00287063  -0.0122937 -0.00413673
-0.00233225    0.999047   0.0435863   0.0108255
  0.0124071  -0.0435542    0.998974  -0.0074462
          0           0           0           1
v_world_imu: -0.00179878 0.000157384 -0.00542135
frame_43
id: 43
stamp: 1773413572.196425676
T_odom_lidar: 
   0.999913   0.0031593  -0.0127785  -0.0042127
-0.00260646    0.999069    0.043051    0.010679
  0.0129027   -0.043014    0.998991 -0.00707735
          0           0           0           1
T_world_lidar: 
   0.999913   0.0031593  -0.0127785  -0.0042127
-0.00260646    0.999069    0.043051    0.010679
  0.0129027   -0.043014    0.998991 -0.00707735
          0           0           0           1
v_world_imu: 0.00279539  0.0021017  0.0118792
frame_44
id: 44
stamp: 1773413572.296439886
T_odom_lidar: 
   0.999916  0.00289068  -0.0125993 -0.00405204
 -0.0023389    0.999047   0.0435918   0.0112511
  0.0127133  -0.0435587     0.99897 -0.00725463
          0           0           0           1
T_world_lidar: 
   0.999916  0.00289068  -0.0125993 -0.00405204
 -0.0023389    0.999047   0.0435918   0.0112511
  0.0127133  -0.0435587     0.99897 -0.00725463
          0           0           0           1
v_world_imu: -0.00210456  0.00789532 -0.00791966
frame_45
id: 45
stamp: 1773413572.396898508
T_odom_lidar: 
    0.99992  0.00295576  -0.0123041 -0.00379103
-0.00242335    0.999069   0.0430632   0.0110819
  0.0124199  -0.0430299    0.998997 -0.00752861
          0           0           0           1
T_world_lidar: 
    0.99992  0.00295576  -0.0123041 -0.00379103
-0.00242335    0.999069   0.0430632   0.0110819
  0.0124199  -0.0430299    0.998997 -0.00752861
          0           0           0           1
v_world_imu:  0.00396773 -0.00449262 -0.00622225
frame_46
id: 46
stamp: 1773413572.496905565
T_odom_lidar: 
   0.999917  0.00290975  -0.0125281  -0.0036233
-0.00236299    0.999053    0.043438   0.0108576
  0.0126426  -0.0434048    0.998978 -0.00757777
          0           0           0           1
T_world_lidar: 
   0.999917  0.00290975  -0.0125281  -0.0036233
-0.00236299    0.999053    0.043438   0.0108576
  0.0126426  -0.0434048    0.998978 -0.00757777
          0           0           0           1
v_world_imu: -0.00279909 0.000834823    0.019824
frame_47
id: 47
stamp: 1773413572.597270250
T_odom_lidar: 
   0.999916  0.00314551  -0.0125377 -0.00325662
-0.00259334    0.999036    0.043816   0.0106088
  0.0126634  -0.0437798    0.998961 -0.00763931
          0           0           0           1
T_world_lidar: 
   0.999916  0.00314551  -0.0125377 -0.00325662
-0.00259334    0.999036    0.043816   0.0106088
  0.0126634  -0.0437798    0.998961 -0.00763931
          0           0           0           1
v_world_imu:  0.00150383 -0.00192177  -0.0145115
frame_48
id: 48
stamp: 1773413572.697438717
T_odom_lidar: 
   0.999928  0.00325694  -0.0115746 -0.00356812
-0.00275257    0.999057   0.0433274   0.0107821
  0.0117048  -0.0432924    0.998994 -0.00754122
          0           0           0           1
T_world_lidar: 
   0.999928  0.00325694  -0.0115746 -0.00356812
-0.00275257    0.999057   0.0433274   0.0107821
  0.0117048  -0.0432924    0.998994 -0.00754122
          0           0           0           1
v_world_imu: 0.00113886 0.00911338 0.00549115
frame_49
id: 49
stamp: 1773413572.797450304
T_odom_lidar: 
   0.999926  0.00292588  -0.0118063 -0.00323253
-0.00240782    0.999044    0.043658   0.0111711
  0.0119227  -0.0436263    0.998977 -0.00824079
          0           0           0           1
T_world_lidar: 
   0.999926  0.00292588  -0.0118063 -0.00323253
-0.00240782    0.999044    0.043658   0.0111711
  0.0119227  -0.0436263    0.998977 -0.00824079
          0           0           0           1
v_world_imu: -0.00234765 -0.00202251 -0.00612557
frame_50
id: 50
stamp: 1773413572.897376537
T_odom_lidar: 
   0.999912  0.00301314  -0.0129126 -0.00295694
-0.00245796    0.999081   0.0427978   0.0103992
  0.0130297  -0.0427623       0.999 -0.00795065
          0           0           0           1
T_world_lidar: 
   0.999912  0.00301314  -0.0129126 -0.00295694
-0.00245796    0.999081   0.0427978   0.0103992
  0.0130297  -0.0427623       0.999 -0.00795065
          0           0           0           1
v_world_imu: -0.000621186 -0.000970787  -0.00564661
frame_51
id: 51
stamp: 1773413572.997459650
T_odom_lidar: 
    0.99992  0.00248317  -0.0123742 -0.00309861
-0.00194341    0.999054   0.0434424   0.0104905
  0.0124704  -0.0434149    0.998979 -0.00717312
          0           0           0           1
T_world_lidar: 
    0.99992  0.00248317  -0.0123742 -0.00309861
-0.00194341    0.999054   0.0434424   0.0104905
  0.0124704  -0.0434149    0.998979 -0.00717312
          0           0           0           1
v_world_imu: -0.00336407  0.00309367   0.0107842
frame_52
id: 52
stamp: 1773413573.097708464
T_odom_lidar: 
   0.999916  0.00296629  -0.0126559 -0.00333737
-0.00240924    0.999037    0.043805   0.0105533
  0.0127736  -0.0437708     0.99896  -0.0078045
          0           0           0           1
T_world_lidar: 
   0.999916  0.00296629  -0.0126559 -0.00333737
-0.00240924    0.999037    0.043805   0.0105533
  0.0127736  -0.0437708     0.99896  -0.0078045
          0           0           0           1
v_world_imu: -0.00483703  0.00182217  -0.0189107
frame_53
id: 53
stamp: 1773413573.197922945
T_odom_lidar: 
   0.999919  0.00303868  -0.0123387 -0.00330945
 -0.0025025    0.999062   0.0432402   0.0108687
  0.0124585  -0.0432059    0.998989 -0.00809442
          0           0           0           1
T_world_lidar: 
   0.999919  0.00303868  -0.0123387 -0.00330945
 -0.0025025    0.999062   0.0432402   0.0108687
  0.0124585  -0.0432059    0.998989 -0.00809442
          0           0           0           1
v_world_imu:  0.0041712 0.00856949 0.00794807
frame_54
id: 54
stamp: 1773413573.298045397
T_odom_lidar: 
   0.999921  0.00295318  -0.0121928 -0.00299988
 -0.0024147    0.999031   0.0439449   0.0111326
  0.0123107   -0.043912     0.99896 -0.00760055
          0           0           0           1
T_world_lidar: 
   0.999921  0.00295318  -0.0121928 -0.00299988
 -0.0024147    0.999031   0.0439449   0.0111326
  0.0123107   -0.043912     0.99896 -0.00760055
          0           0           0           1
v_world_imu: -0.00496222 -0.00281356  0.00721045
frame_55
id: 55
stamp: 1773413573.398054123
T_odom_lidar: 
   0.999917  0.00322377  -0.0124666 -0.00285003
-0.00268002    0.999055   0.0433898   0.0110081
  0.0125946  -0.0433528     0.99898 -0.00746648
          0           0           0           1
T_world_lidar: 
   0.999917  0.00322377  -0.0124666 -0.00285003
-0.00268002    0.999055   0.0433898   0.0110081
  0.0125946  -0.0433528     0.99898 -0.00746648
          0           0           0           1
v_world_imu: 0.000803554  0.00596821  -0.0112136
frame_56
id: 56
stamp: 1773413573.497915506
T_odom_lidar: 
   0.999914  0.00276964   -0.012835 -0.00325311
-0.00220974    0.999054    0.043434   0.0111637
  0.0129431  -0.0434018    0.998974 -0.00696222
          0           0           0           1
T_world_lidar: 
   0.999914  0.00276964   -0.012835 -0.00325311
-0.00220974    0.999054    0.043434   0.0111637
  0.0129431  -0.0434018    0.998974 -0.00696222
          0           0           0           1
v_world_imu: -0.00359106 -0.00327047   0.0102955
frame_57
id: 57
stamp: 1773413573.597857952
T_odom_lidar: 
   0.999926  0.00306535  -0.0117887 -0.00319422
-0.00254634    0.999037   0.0437909   0.0106001
  0.0119116  -0.0437576    0.998971 -0.00743316
          0           0           0           1
T_world_lidar: 
   0.999926  0.00306535  -0.0117887 -0.00319422
-0.00254634    0.999037   0.0437909   0.0106001
  0.0119116  -0.0437576    0.998971 -0.00743316
          0           0           0           1
v_world_imu: -0.00664688 0.000152221 -0.00376144
frame_58
id: 58
stamp: 1773413573.697615385
T_odom_lidar: 
   0.999919  0.00327176  -0.0123073 -0.00315521
 -0.0027361    0.999059    0.043292   0.0109378
  0.0124374  -0.0432548    0.998987 -0.00692347
          0           0           0           1
T_world_lidar: 
   0.999919  0.00327176  -0.0123073 -0.00315521
 -0.0027361    0.999059    0.043292   0.0109378
  0.0124374  -0.0432548    0.998987 -0.00692347
          0           0           0           1
v_world_imu: 0.00406897 0.00216946 0.00047267
frame_59
id: 59
stamp: 1773413573.797492743
T_odom_lidar: 
   0.999926  0.00299835  -0.0117794 -0.00319789
-0.00248502    0.999057   0.0433535   0.0109955
  0.0118983   -0.043321     0.99899 -0.00721437
          0           0           0           1
T_world_lidar: 
   0.999926  0.00299835  -0.0117794 -0.00319789
-0.00248502    0.999057   0.0433535   0.0109955
  0.0118983   -0.043321     0.99899 -0.00721437
          0           0           0           1
v_world_imu: -0.00426169  0.00125926  0.00760326
frame_60
id: 60
stamp: 1773413573.897419214
T_odom_lidar: 
    0.99992  0.00296074  -0.0122792 -0.00295601
-0.00242559    0.999056   0.0433698   0.0110032
   0.012396  -0.0433366    0.998984 -0.00740757
          0           0           0           1
T_world_lidar: 
    0.99992  0.00296074  -0.0122792 -0.00295601
-0.00242559    0.999056   0.0433698   0.0110032
   0.012396  -0.0433366    0.998984 -0.00740757
          0           0           0           1
v_world_imu: 4.67285e-05  0.00920102 -0.00460617
frame_61
id: 61
stamp: 1773413573.997422695
T_odom_lidar: 
   0.999926  0.00298534  -0.0117881 -0.00320906
-0.00247256     0.99906   0.0432772   0.0111511
  0.0119062  -0.0432449    0.998994  -0.0070703
          0           0           0           1
T_world_lidar: 
   0.999926  0.00298534  -0.0117881 -0.00320906
-0.00247256     0.99906   0.0432772   0.0111511
  0.0119062  -0.0432449    0.998994  -0.0070703
          0           0           0           1
v_world_imu:  -0.00372848 -0.000107972    0.0050849
frame_62
id: 62
stamp: 1773413574.097361565
T_odom_lidar: 
   0.999919  0.00302047  -0.0123964 -0.00321081
-0.00247866    0.999051   0.0434923   0.0114852
   0.012516   -0.043458    0.998977 -0.00747414
          0           0           0           1
T_world_lidar: 
   0.999919  0.00302047  -0.0123964 -0.00321081
-0.00247866    0.999051   0.0434923   0.0114852
   0.012516   -0.043458    0.998977 -0.00747414
          0           0           0           1
v_world_imu: -0.00667705    0.007488  0.00190445
frame_63
id: 63
stamp: 1773413574.197139502
T_odom_lidar: 
   0.999926  0.00300015   -0.011813 -0.00323523
-0.00248549    0.999057   0.0433439   0.0113915
  0.0119319  -0.0433114     0.99899 -0.00697449
          0           0           0           1
T_world_lidar: 
   0.999926  0.00300015   -0.011813 -0.00323523
-0.00248549    0.999057   0.0433439   0.0113915
  0.0119319  -0.0433114     0.99899 -0.00697449
          0           0           0           1
v_world_imu:  0.00485586 -0.00326272 -0.00941382
frame_64
id: 64
stamp: 1773413574.297054291
T_odom_lidar: 
   0.999919  0.00308059  -0.0123576 -0.00338823
-0.00254342    0.999061   0.0432517   0.0111825
  0.0124793  -0.0432167    0.998988 -0.00745375
          0           0           0           1
T_world_lidar: 
   0.999919  0.00308059  -0.0123576 -0.00338823
-0.00254342    0.999061   0.0432517   0.0111825
  0.0124793  -0.0432167    0.998988 -0.00745375
          0           0           0           1
v_world_imu: -0.00530694 0.000442293  0.00519333
frame_65
id: 65
stamp: 1773413574.396912098
T_odom_lidar: 
   0.999928  0.00284162  -0.0116728 -0.00322696
-0.00232912    0.999043   0.0436873   0.0112532
  0.0117857  -0.0436569    0.998977 -0.00773117
          0           0           0           1
T_world_lidar: 
   0.999928  0.00284162  -0.0116728 -0.00322696
-0.00232912    0.999043   0.0436873   0.0112532
  0.0117857  -0.0436569    0.998977 -0.00773117
          0           0           0           1
v_world_imu:   0.00157296 -0.000697339   -0.0071301
frame_66
id: 66
stamp: 1773413574.497030020
T_odom_lidar: 
   0.999917  0.00278866  -0.0125857 -0.00341199
-0.00224028    0.999056    0.043378    0.010783
  0.0126948  -0.0433462    0.998979 -0.00710659
          0           0           0           1
T_world_lidar: 
   0.999917  0.00278866  -0.0125857 -0.00341199
-0.00224028    0.999056    0.043378    0.010783
  0.0126948  -0.0433462    0.998979 -0.00710659
          0           0           0           1
v_world_imu:   -0.0023398 -0.000236345   0.00275293
frame_67
id: 67
stamp: 1773413574.597433805
T_odom_lidar: 
   0.999918   0.0027363  -0.0125128 -0.00362203
-0.00218609    0.999039   0.0437758   0.0109996
  0.0126206  -0.0437448    0.998963 -0.00750797
          0           0           0           1
T_world_lidar: 
   0.999918   0.0027363  -0.0125128 -0.00362203
-0.00218609    0.999039   0.0437758   0.0109996
  0.0126206  -0.0437448    0.998963 -0.00750797
          0           0           0           1
v_world_imu: 5.51818e-05   0.0039087   0.0034627
frame_68
id: 68
stamp: 1773413574.697169065
T_odom_lidar: 
   0.999923  0.00289243  -0.0120762 -0.00326938
-0.00236445     0.99905   0.0435079   0.0106244
  0.0121905   -0.043476     0.99898 -0.00781719
          0           0           0           1
T_world_lidar: 
   0.999923  0.00289243  -0.0120762 -0.00326938
-0.00236445     0.99905   0.0435079   0.0106244
  0.0121905   -0.043476     0.99898 -0.00781719
          0           0           0           1
v_world_imu:   0.0032148 -0.00490447  -0.0175098
frame_69
id: 69
stamp: 1773413574.797287703
T_odom_lidar: 
   0.999919  0.00281359  -0.0124416 -0.00313994
-0.00227242     0.99906   0.0432981   0.0107408
  0.0125518  -0.0432664    0.998985 -0.00780019
          0           0           0           1
T_world_lidar: 
   0.999919  0.00281359  -0.0124416 -0.00313994
-0.00227242     0.99906   0.0432981   0.0107408
  0.0125518  -0.0432664    0.998985 -0.00780019
          0           0           0           1
v_world_imu: -0.00305963    0.001344  0.00810024
frame_70
id: 70
stamp: 1773413574.897590160
T_odom_lidar: 
   0.999924  0.00275719  -0.0120237 -0.00344391
-0.00222795    0.999037     0.04381   0.0104153
  0.0121329  -0.0437799    0.998968 -0.00793322
          0           0           0           1
T_world_lidar: 
   0.999924  0.00275719  -0.0120237 -0.00344391
-0.00222795    0.999037     0.04381   0.0104153
  0.0121329  -0.0437799    0.998968 -0.00793322
          0           0           0           1
v_world_imu: -0.00712181  -0.0050302 -0.00229996
frame_71
id: 71
stamp: 1773413574.997780085
T_odom_lidar: 
   0.999915  0.00307428  -0.0126672 -0.00413827
-0.00252973    0.999081   0.0427835   0.0104737
  0.0127871  -0.0427478    0.999004 -0.00738182
          0           0           0           1
T_world_lidar: 
   0.999915  0.00307428  -0.0126672 -0.00413827
-0.00252973    0.999081   0.0427835   0.0104737
  0.0127871  -0.0427478    0.999004 -0.00738182
          0           0           0           1
v_world_imu: -0.00576146  0.00757652   0.0013383
frame_72
id: 72
stamp: 1773413575.097984552
T_odom_lidar: 
   0.999919  0.00290372  -0.0124263 -0.00430937
-0.00236027    0.999049   0.0435269   0.0112873
  0.0125409   -0.043494    0.998975  -0.0078297
          0           0           0           1
T_world_lidar: 
   0.999919  0.00290372  -0.0124263 -0.00430937
-0.00236027    0.999049   0.0435269   0.0112873
  0.0125409   -0.043494    0.998975  -0.0078297
          0           0           0           1
v_world_imu: -0.00738084  0.00594726  0.00305078
frame_73
id: 73
stamp: 1773413575.198211193
T_odom_lidar: 
    0.99992  0.00314708  -0.0122222 -0.00414191
 -0.0026169    0.999065   0.0431547   0.0111271
  0.0123465  -0.0431193    0.998994 -0.00786517
          0           0           0           1
T_world_lidar: 
    0.99992  0.00314708  -0.0122222 -0.00414191
 -0.0026169    0.999065   0.0431547   0.0111271
  0.0123465  -0.0431193    0.998994 -0.00786517
          0           0           0           1
v_world_imu:    0.0018752 -0.000189379  -0.00907778
frame_74
id: 74
stamp: 1773413575.298208475
T_odom_lidar: 
    0.99992  0.00299173  -0.0123053  -0.0040798
-0.00245872    0.999068   0.0431046   0.0111903
  0.0124228  -0.0430709    0.998995 -0.00714053
          0           0           0           1
T_world_lidar: 
    0.99992  0.00299173  -0.0123053  -0.0040798
-0.00245872    0.999068   0.0431046   0.0111903
  0.0124228  -0.0430709    0.998995 -0.00714053
          0           0           0           1
v_world_imu:  -0.00122128 -0.000570508    0.0079069
frame_75
id: 75
stamp: 1773413575.398202419
T_odom_lidar: 
   0.999911  0.00306357  -0.0129679  -0.0039282
-0.00249281    0.999037   0.0438026   0.0107156
  0.0130896  -0.0437664    0.998956 -0.00801936
          0           0           0           1
T_world_lidar: 
   0.999911  0.00306357  -0.0129679  -0.0039282
-0.00249281    0.999037   0.0438026   0.0107156
  0.0130896  -0.0437664    0.998956 -0.00801936
          0           0           0           1
v_world_imu: -0.00222538 -0.00604974 -0.00951336
frame_76
id: 76
stamp: 1773413575.497958422
T_odom_lidar: 
   0.999916  0.00315166  -0.0125941 -0.00345957
-0.00260074    0.999049   0.0435237   0.0103972
  0.0127193  -0.0434873    0.998973  -0.0077795
          0           0           0           1
T_world_lidar: 
   0.999916  0.00315166  -0.0125941 -0.00345957
-0.00260074    0.999049   0.0435237   0.0103972
  0.0127193  -0.0434873    0.998973  -0.0077795
          0           0           0           1
v_world_imu:   0.00469495   0.00653618 -0.000706457
frame_77
id: 77
stamp: 1773413575.597805023
