id: 0
T_world_origin: 
    0.999915   0.00393898   -0.0124229   0.00139209
 -0.00329022     0.998651    0.0518178 -0.000707633
   0.0126102   -0.0517725     0.998579   0.00175287
           0            0            0            1
T_origin_endpoint_L: 
           1  8.63992e-06  -0.00015319  -0.00215833
-8.76333e-06            1 -0.000805587  0.000572074
 0.000153183  0.000805588            1  -0.00230346
           0            0            0            1
T_origin_endpoint_R: 
           1  0.000297709 -0.000394075  0.000274465
-0.000297646            1  0.000159555 -0.000427195
 0.000394123 -0.000159438            1  0.000404112
           0            0            0            1
T_lidar_imu: 
     1      0      0  0.006
     0      1      0 -0.012
     0      0      1  0.008
     0      0      0      1
imu_bias:  2.70124e-05  0.000112006  -0.00603033 -0.000924695   -0.0017924  -0.00191947
frame_id: 2
num_frames: 156
frame_0
id: 0
stamp: 1772811538.178696394
T_odom_lidar: 
   0.999913  0.00393761  -0.0125792 -0.00658678
-0.00329103    0.998693   0.0510138   0.0113474
  0.0127637  -0.0509679    0.998619 -0.00928129
          0           0           0           1
T_world_lidar: 
   0.999913  0.00393761  -0.0125792 -0.00658678
-0.00329103    0.998693   0.0510138   0.0113474
  0.0127637  -0.0509679    0.998619 -0.00928129
          0           0           0           1
v_world_imu:   0.0102408 -0.00229975   0.0453971
frame_1
id: 1
stamp: 1772811538.278687954
T_odom_lidar: 
   0.999893  0.00400635  -0.0140752 -0.00560572
-0.00325317    0.998582   0.0531323   0.0109554
  0.0142681  -0.0530808    0.998488 -0.00648179
          0           0           0           1
T_world_lidar: 
   0.999893  0.00400635  -0.0140752 -0.00560572
-0.00325317    0.998582   0.0531323   0.0109554
  0.0142681  -0.0530808    0.998488 -0.00648179
          0           0           0           1
v_world_imu:   0.0122259 -0.00596158   0.0061909
frame_2
id: 2
stamp: 1772811538.378705025
T_odom_lidar: 
   0.999919  0.00398703  -0.0120739 -0.00507265
-0.00337465    0.998727   0.0503216   0.0105975
  0.0122592  -0.0502768     0.99866 -0.00742488
          0           0           0           1
T_world_lidar: 
   0.999919  0.00398703  -0.0120739 -0.00507265
-0.00337465    0.998727   0.0503216   0.0105975
  0.0122592  -0.0502768     0.99866 -0.00742488
          0           0           0           1
v_world_imu: 0.000944507  0.00217284 -0.00300473
frame_3
id: 3
stamp: 1772811538.478718519
T_odom_lidar: 
   0.999907  0.00358891    -0.01316 -0.00478627
 -0.0028947    0.998622   0.0523959   0.0105845
  0.0133299   -0.052353     0.99854 -0.00689904
          0           0           0           1
T_world_lidar: 
   0.999907  0.00358891    -0.01316 -0.00478627
 -0.0028947    0.998622   0.0523959   0.0105845
  0.0133299   -0.052353     0.99854 -0.00689904
          0           0           0           1
v_world_imu:  0.00867929 -0.00230145  0.00770479
frame_4
id: 4
stamp: 1772811538.578814983
T_odom_lidar: 
   0.999913  0.00400642  -0.0125888 -0.00435941
-0.00335597    0.998679   0.0512724   0.0101877
  0.0127776  -0.0512257    0.998605  -0.0064356
          0           0           0           1
T_world_lidar: 
   0.999913  0.00400642  -0.0125888 -0.00435941
-0.00335597    0.998679   0.0512724   0.0101877
  0.0127776  -0.0512257    0.998605  -0.0064356
          0           0           0           1
v_world_imu: 0.000819033 -0.00438889  0.00426205
frame_5
id: 5
stamp: 1772811538.678943157
T_odom_lidar: 
   0.999911  0.00377267   -0.012794 -0.00388061
-0.00309536    0.998613   0.0525517   0.0100546
  0.0129745  -0.0525074    0.998536  -0.0062563
          0           0           0           1
T_world_lidar: 
   0.999911  0.00377267   -0.012794 -0.00388061
-0.00309536    0.998613   0.0525517   0.0100546
  0.0129745  -0.0525074    0.998536  -0.0062563
          0           0           0           1
v_world_imu:   0.0118966 -0.00355846 -0.00205295
frame_6
id: 6
stamp: 1772811538.779038668
T_odom_lidar: 
   0.999911  0.00371979   -0.012805 -0.00354616
-0.00304941    0.998643   0.0519805   0.0096211
   0.012981  -0.0519368    0.998566 -0.00620875
          0           0           0           1
T_world_lidar: 
   0.999911  0.00371979   -0.012805 -0.00354616
-0.00304941    0.998643   0.0519805   0.0096211
   0.012981  -0.0519368    0.998566 -0.00620875
          0           0           0           1
v_world_imu: -0.00497231 -0.00247807 0.000968479
frame_7
id: 7
stamp: 1772811538.878893614
T_odom_lidar: 
   0.999904  0.00363599   -0.013345 -0.00363196
-0.00293871    0.998648   0.0519034  0.00994856
  0.0135157  -0.0518592    0.998563 -0.00644893
          0           0           0           1
T_world_lidar: 
   0.999904  0.00363599   -0.013345 -0.00363196
-0.00293871    0.998648   0.0519034  0.00994856
  0.0135157  -0.0518592    0.998563 -0.00644893
          0           0           0           1
v_world_imu:  0.00116483  0.00287314 -0.00679692
frame_8
id: 8
stamp: 1772811538.979044914
T_odom_lidar: 
   0.999905  0.00395557  -0.0132155 -0.00372465
-0.00326722    0.998657   0.0517079   0.0100205
  0.0134023  -0.0516598    0.998575  -0.0066845
          0           0           0           1
T_world_lidar: 
   0.999905  0.00395557  -0.0132155 -0.00372465
-0.00326722    0.998657   0.0517079   0.0100205
  0.0134023  -0.0516598    0.998575  -0.0066845
          0           0           0           1
v_world_imu:  0.00152178 -0.00429789 -0.00229765
frame_9
id: 9
stamp: 1772811539.078857183
T_odom_lidar: 
   0.999912  0.00383366  -0.0127238 -0.00395507
-0.00317088    0.998657   0.0517072   0.0100178
  0.0129049  -0.0516622    0.998581  -0.0068218
          0           0           0           1
T_world_lidar: 
   0.999912  0.00383366  -0.0127238 -0.00395507
-0.00317088    0.998657   0.0517072   0.0100178
  0.0129049  -0.0516622    0.998581  -0.0068218
          0           0           0           1
v_world_imu: -0.00434191  0.00525339  0.00103613
frame_10
id: 10
stamp: 1772811539.178839684
T_odom_lidar: 
   0.999906  0.00377487  -0.0131853 -0.00424621
-0.00308274    0.998636    0.052124   0.0104041
  0.0133641  -0.0520785    0.998554 -0.00662285
          0           0           0           1
T_world_lidar: 
   0.999906  0.00377487  -0.0131853 -0.00424621
-0.00308274    0.998636    0.052124   0.0104041
  0.0133641  -0.0520785    0.998554 -0.00662285
          0           0           0           1
v_world_imu:  0.00467731 0.000331023  0.00163075
frame_11
id: 11
stamp: 1772811539.278882742
T_odom_lidar: 
   0.999914  0.00402223  -0.0124815 -0.00419494
-0.00336965    0.998648   0.0518708   0.0102363
  0.0126733  -0.0518243    0.998576 -0.00680771
          0           0           0           1
T_world_lidar: 
   0.999914  0.00402223  -0.0124815 -0.00419494
-0.00336965    0.998648   0.0518708   0.0102363
  0.0126733  -0.0518243    0.998576 -0.00680771
          0           0           0           1
v_world_imu:    -0.002479 -0.000440017    -0.001472
frame_12
id: 12
stamp: 1772811539.378758669
T_odom_lidar: 
   0.999911  0.00373628  -0.0127915  -0.0044461
-0.00306971    0.998656   0.0517396   0.0102556
  0.0129676  -0.0516957    0.998579   -0.006732
          0           0           0           1
T_world_lidar: 
   0.999911  0.00373628  -0.0127915  -0.0044461
-0.00306971    0.998656   0.0517396   0.0102556
  0.0129676  -0.0516957    0.998579   -0.006732
          0           0           0           1
v_world_imu:  0.00321704 0.000372109 -0.00281072
frame_13
id: 13
stamp: 1772811539.478687048
T_odom_lidar: 
   0.999912  0.00365542  -0.0127205 -0.00426194
-0.00299407    0.998662   0.0516266   0.0100564
  0.0128922   -0.051584    0.998585 -0.00676982
          0           0           0           1
T_world_lidar: 
   0.999912  0.00365542  -0.0127205 -0.00426194
-0.00299407    0.998662   0.0516266   0.0100564
  0.0128922   -0.051584    0.998585 -0.00676982
          0           0           0           1
v_world_imu: -0.00394181  0.00118105  0.00330464
frame_14
id: 14
stamp: 1772811539.578689575
T_odom_lidar: 
    0.99991  0.00371816  -0.0128634 -0.00448779
 -0.0030452    0.998645    0.051946   0.0104142
  0.0130391  -0.0519021    0.998567 -0.00627509
          0           0           0           1
T_world_lidar: 
    0.99991  0.00371816  -0.0128634 -0.00448779
 -0.0030452    0.998645    0.051946   0.0104142
  0.0130391  -0.0519021    0.998567 -0.00627509
          0           0           0           1
v_world_imu:  0.00167707  0.00655227 -0.00120326
frame_15
id: 15
stamp: 1772811539.678651333
T_odom_lidar: 
   0.999919  0.00399159  -0.0120647  -0.0043528
-0.00336522    0.998667    0.051499   0.0106592
  0.0122542  -0.0514543      0.9986 -0.00620475
          0           0           0           1
T_world_lidar: 
   0.999919  0.00399159  -0.0120647  -0.0043528
-0.00336522    0.998667    0.051499   0.0106592
  0.0122542  -0.0514543      0.9986 -0.00620475
          0           0           0           1
v_world_imu:  -0.00192787 -0.000946766  0.000838417
frame_16
id: 16
stamp: 1772811539.778613806
T_odom_lidar: 
   0.999916  0.00366277  -0.0124256 -0.00460488
-0.00301832    0.998669   0.0514928   0.0108519
  0.0125977   -0.051451    0.998596 -0.00597778
          0           0           0           1
T_world_lidar: 
   0.999916  0.00366277  -0.0124256 -0.00460488
-0.00301832    0.998669   0.0514928   0.0108519
  0.0125977   -0.051451    0.998596 -0.00597778
          0           0           0           1
v_world_imu: -0.00300768  0.00446437 -0.00247977
frame_17
id: 17
stamp: 1772811539.878546476
T_odom_lidar: 
   0.999915  0.00373156  -0.0125006  -0.0046587
-0.00307965    0.998654   0.0517702   0.0110277
  0.0126769  -0.0517272    0.998581 -0.00616142
          0           0           0           1
T_world_lidar: 
   0.999915  0.00373156  -0.0125006  -0.0046587
-0.00307965    0.998654   0.0517702   0.0110277
  0.0126769  -0.0517272    0.998581 -0.00616142
          0           0           0           1
v_world_imu:  0.000486584 -4.04483e-05  -0.00361451
frame_18
id: 18
stamp: 1772811539.978724241
T_odom_lidar: 
   0.999912  0.00408694  -0.0126209 -0.00470891
-0.00343834    0.998693   0.0509915   0.0112102
  0.0128128  -0.0509436    0.998619 -0.00638252
          0           0           0           1
T_world_lidar: 
   0.999912  0.00408694  -0.0126209 -0.00470891
-0.00343834    0.998693   0.0509915   0.0112102
  0.0128128  -0.0509436    0.998619 -0.00638252
          0           0           0           1
v_world_imu:  0.00226284  0.00282728 -0.00538888
frame_19
id: 19
stamp: 1772811540.078725815
T_odom_lidar: 
    0.99991  0.00391829  -0.0128677 -0.00484166
 -0.0032493    0.998662    0.051605   0.0113537
  0.0130527  -0.0515585    0.998585  -0.0066977
          0           0           0           1
T_world_lidar: 
    0.99991  0.00391829  -0.0128677 -0.00484166
 -0.0032493    0.998662    0.051605   0.0113537
  0.0130527  -0.0515585    0.998585  -0.0066977
          0           0           0           1
v_world_imu: -0.00235921 -0.00044331   0.0019257
frame_20
id: 20
stamp: 1772811540.178688049
T_odom_lidar: 
   0.999909  0.00421358   -0.012838 -0.00461807
-0.00354811    0.998671   0.0514253   0.0111273
  0.0130376   -0.051375    0.998594 -0.00672093
          0           0           0           1
T_world_lidar: 
   0.999909  0.00421358   -0.012838 -0.00461807
-0.00354811    0.998671   0.0514253   0.0111273
  0.0130376   -0.051375    0.998594 -0.00672093
          0           0           0           1
v_world_imu:   0.00675257  -0.00153578 -0.000843666
frame_21
id: 21
stamp: 1772811540.278644562
T_odom_lidar: 
   0.999912  0.00359725  -0.0127975 -0.00482626
-0.00292369    0.998629    0.052267   0.0111343
  0.0129679  -0.0522249    0.998551 -0.00614608
          0           0           0           1
T_world_lidar: 
   0.999912  0.00359725  -0.0127975 -0.00482626
-0.00292369    0.998629    0.052267   0.0111343
  0.0129679  -0.0522249    0.998551 -0.00614608
          0           0           0           1
v_world_imu: -0.00209474 -0.00061907  0.00868401
frame_22
id: 22
stamp: 1772811540.378807306
T_odom_lidar: 
   0.999913  0.00423342  -0.0125053 -0.00449921
-0.00358438    0.998668    0.051475    0.010887
  0.0127066  -0.0514256    0.998596 -0.00618635
          0           0           0           1
T_world_lidar: 
   0.999913  0.00423342  -0.0125053 -0.00449921
-0.00358438    0.998668    0.051475    0.010887
  0.0127066  -0.0514256    0.998596 -0.00618635
          0           0           0           1
v_world_imu:   0.00661776  -0.00177819 -0.000698281
frame_23
id: 23
stamp: 1772811540.478661060
T_odom_lidar: 
   0.999912   0.0037719  -0.0127129 -0.00429197
-0.00310773    0.998649   0.0518645    0.010958
  0.0128913  -0.0518204    0.998573 -0.00608328
          0           0           0           1
T_world_lidar: 
   0.999912   0.0037719  -0.0127129 -0.00429197
-0.00310773    0.998649   0.0518645    0.010958
  0.0128913  -0.0518204    0.998573 -0.00608328
          0           0           0           1
v_world_imu: 0.000809658  0.00175252 -0.00470529
frame_24
id: 24
stamp: 1772811540.578605175
T_odom_lidar: 
   0.999912   0.0040022  -0.0126322 -0.00419724
 -0.0033393    0.998638   0.0520693   0.0109122
  0.0128234  -0.0520226    0.998564 -0.00650357
          0           0           0           1
T_world_lidar: 
   0.999912   0.0040022  -0.0126322 -0.00419724
 -0.0033393    0.998638   0.0520693   0.0109122
  0.0128234  -0.0520226    0.998564 -0.00650357
          0           0           0           1
v_world_imu: 0.00204224  0.0012475 -0.0060747
frame_25
id: 25
stamp: 1772811540.678679943
T_odom_lidar: 
   0.999915  0.00384488  -0.0124403 -0.00411172
-0.00320196    0.998678   0.0512941   0.0109609
  0.0126211  -0.0512499    0.998606 -0.00649101
          0           0           0           1
T_world_lidar: 
   0.999915  0.00384488  -0.0124403 -0.00411172
-0.00320196    0.998678   0.0512941   0.0109609
  0.0126211  -0.0512499    0.998606 -0.00649101
          0           0           0           1
v_world_imu: 0.000120979 0.000752468 -0.00290437
frame_26
id: 26
stamp: 1772811540.778618574
T_odom_lidar: 
    0.99991  0.00395483  -0.0128189 -0.00410789
-0.00329052    0.998671   0.0514352   0.0110337
  0.0130053  -0.0513884    0.998594 -0.00646602
          0           0           0           1
T_world_lidar: 
    0.99991  0.00395483  -0.0128189 -0.00410789
-0.00329052    0.998671   0.0514352   0.0110337
  0.0130053  -0.0513884    0.998594 -0.00646602
          0           0           0           1
v_world_imu: -0.00542783 -0.00330453  0.00223356
frame_27
id: 27
stamp: 1772811540.878577471
T_odom_lidar: 
   0.999917  0.00384493   -0.012266 -0.00434856
-0.00320938    0.998672   0.0514191   0.0107411
  0.0124474  -0.0513755    0.998602 -0.00628593
          0           0           0           1
T_world_lidar: 
   0.999917  0.00384493   -0.012266 -0.00434856
-0.00320938    0.998672   0.0514191   0.0107411
  0.0124474  -0.0513755    0.998602 -0.00628593
          0           0           0           1
v_world_imu: -8.51629e-05  -0.00155566  -0.00247974
frame_28
id: 28
stamp: 1772811540.978616714
T_odom_lidar: 
    0.99991  0.00365992  -0.0129169 -0.00450614
-0.00298467    0.998647   0.0519139   0.0109082
  0.0130894  -0.0518706    0.998568 -0.00663133
          0           0           0           1
T_world_lidar: 
    0.99991  0.00365992  -0.0129169 -0.00450614
-0.00298467    0.998647   0.0519139   0.0109082
  0.0130894  -0.0518706    0.998568 -0.00663133
          0           0           0           1
v_world_imu: -0.00543526  0.00259388  -0.0025591
frame_29
id: 29
stamp: 1772811541.078534126
T_odom_lidar: 
   0.999909  0.00403208  -0.0129077 -0.00440543
-0.00336029     0.99866   0.0516501   0.0110736
  0.0130987   -0.051602    0.998582 -0.00689226
          0           0           0           1
T_world_lidar: 
   0.999909  0.00403208  -0.0129077 -0.00440543
-0.00336029     0.99866   0.0516501   0.0110736
  0.0130987   -0.051602    0.998582 -0.00689226
          0           0           0           1
v_world_imu:   0.00476971 -0.000158059   -0.0030016
frame_30
id: 30
stamp: 1772811541.178550482
T_odom_lidar: 
    0.99991  0.00413993  -0.0127959 -0.00470049
 -0.0034778    0.998675    0.051341   0.0111734
  0.0129915  -0.0512919    0.998599 -0.00666686
          0           0           0           1
T_world_lidar: 
    0.99991  0.00413993  -0.0127959 -0.00470049
 -0.0034778    0.998675    0.051341   0.0111734
  0.0129915  -0.0512919    0.998599 -0.00666686
          0           0           0           1
v_world_imu: -0.00808701  0.00229899  0.00808084
frame_31
id: 31
stamp: 1772811541.278390408
T_odom_lidar: 
   0.999914  0.00410906  -0.0124176 -0.00445083
-0.00345785     0.99864   0.0520164   0.0110302
  0.0126144   -0.051969    0.998569 -0.00674463
          0           0           0           1
T_world_lidar: 
   0.999914  0.00410906  -0.0124176 -0.00445083
-0.00345785     0.99864   0.0520164   0.0110302
  0.0126144   -0.051969    0.998569 -0.00674463
          0           0           0           1
v_world_imu:  0.00735917 -0.00429084 -0.00522505
frame_32
id: 32
stamp: 1772811541.378348351
T_odom_lidar: 
   0.999912  0.00397444   -0.012653 -0.00466546
-0.00331773    0.998667   0.0515053   0.0105845
  0.0128409  -0.0514588    0.998593 -0.00655135
          0           0           0           1
T_world_lidar: 
   0.999912  0.00397444   -0.012653 -0.00466546
-0.00331773    0.998667   0.0515053   0.0105845
  0.0128409  -0.0514588    0.998593 -0.00655135
          0           0           0           1
v_world_imu:  -0.00585147 -5.13616e-05    0.0057928
frame_33
id: 33
stamp: 1772811541.478404045
T_odom_lidar: 
   0.999914  0.00346553  -0.0126517  -0.0044668
-0.00280344    0.998644   0.0519797   0.0106196
  0.0128147  -0.0519397    0.998568 -0.00652739
          0           0           0           1
T_world_lidar: 
   0.999914  0.00346553  -0.0126517  -0.0044668
-0.00280344    0.998644   0.0519797   0.0106196
  0.0128147  -0.0519397    0.998568 -0.00652739
          0           0           0           1
v_world_imu:    0.0073702 -0.000489144    -0.004121
frame_34
id: 34
stamp: 1772811541.578452826
T_odom_lidar: 
   0.999918  0.00379743  -0.0122118 -0.00400815
-0.00316232    0.998662   0.0516134   0.0103957
  0.0123915  -0.0515706    0.998592 -0.00642677
          0           0           0           1
T_world_lidar: 
   0.999918  0.00379743  -0.0122118 -0.00400815
-0.00316232    0.998662   0.0516134   0.0103957
  0.0123915  -0.0515706    0.998592 -0.00642677
          0           0           0           1
v_world_imu: -0.00283546 -0.00169733   0.0026995
frame_35
id: 35
stamp: 1772811541.678656101
T_odom_lidar: 
   0.999909  0.00414766  -0.0128307 -0.00428284
-0.00347406    0.998637    0.052083    0.010462
  0.0130293  -0.0520337     0.99856 -0.00611535
          0           0           0           1
T_world_lidar: 
   0.999909  0.00414766  -0.0128307 -0.00428284
-0.00347406    0.998637    0.052083    0.010462
  0.0130293  -0.0520337     0.99856 -0.00611535
          0           0           0           1
v_world_imu: -0.00400903  0.00206077  -0.0011467
frame_36
id: 36
stamp: 1772811541.778557301
T_odom_lidar: 
   0.999916  0.00394287  -0.0123356 -0.00423443
 -0.0033058    0.998681   0.0512451   0.0103801
  0.0125214     -0.0512     0.99861 -0.00623618
          0           0           0           1
T_world_lidar: 
   0.999916  0.00394287  -0.0123356 -0.00423443
 -0.0033058    0.998681   0.0512451   0.0103801
  0.0125214     -0.0512     0.99861 -0.00623618
          0           0           0           1
v_world_imu: 0.000222559 -0.00395714 -0.00226848
frame_37
id: 37
stamp: 1772811541.878579855
T_odom_lidar: 
    0.99992  0.00377075  -0.0121092 -0.00442015
-0.00313912    0.998654   0.0517625   0.0104526
  0.0122881  -0.0517204    0.998586 -0.00643833
          0           0           0           1
T_world_lidar: 
    0.99992  0.00377075  -0.0121092 -0.00442015
-0.00313912    0.998654   0.0517625   0.0104526
  0.0122881  -0.0517204    0.998586 -0.00643833
          0           0           0           1
v_world_imu: -0.0048744 0.00122586 0.00660152
frame_38
id: 38
stamp: 1772811541.978746653
T_odom_lidar: 
   0.999915  0.00390466  -0.0124127 -0.00405121
-0.00325959    0.998664    0.051571   0.0104409
  0.0125975  -0.0515262    0.998592 -0.00611738
          0           0           0           1
T_world_lidar: 
   0.999915  0.00390466  -0.0124127 -0.00405121
-0.00325959    0.998664    0.051571   0.0104409
  0.0125975  -0.0515262    0.998592 -0.00611738
          0           0           0           1
v_world_imu: 0.00863724 0.00228582 0.00101424
frame_39
id: 39
stamp: 1772811542.078696251
T_odom_lidar: 
   0.999913  0.00389609  -0.0126219 -0.00393083
-0.00323896    0.998659   0.0516713   0.0105608
  0.0128063  -0.0516259    0.998584 -0.00583671
          0           0           0           1
T_world_lidar: 
   0.999913  0.00389609  -0.0126219 -0.00393083
-0.00323896    0.998659   0.0516713   0.0105608
  0.0128063  -0.0516259    0.998584 -0.00583671
          0           0           0           1
v_world_imu: -0.00508917  0.00173376  0.00343952
frame_40
id: 40
stamp: 1772811542.178766012
T_odom_lidar: 
   0.999915  0.00417796  -0.0123556  -0.0038072
-0.00353082    0.998644   0.0519423   0.0104194
  0.0125558  -0.0518942    0.998574 -0.00617707
          0           0           0           1
T_world_lidar: 
   0.999915  0.00417796  -0.0123556  -0.0038072
-0.00353082    0.998644   0.0519423   0.0104194
  0.0125558  -0.0518942    0.998574 -0.00617707
          0           0           0           1
v_world_imu:  0.00602344 -0.00215618 -0.00229364
frame_41
id: 41
stamp: 1772811542.278761387
T_odom_lidar: 
   0.999918  0.00393865  -0.0121974  -0.0036674
-0.00330051    0.998647   0.0519031   0.0101487
  0.0123853  -0.0518586    0.998578 -0.00643013
          0           0           0           1
T_world_lidar: 
   0.999918  0.00393865  -0.0121974  -0.0036674
-0.00330051    0.998647   0.0519031   0.0101487
  0.0123853  -0.0518586    0.998578 -0.00643013
          0           0           0           1
v_world_imu:  -0.0039661   0.0018283 -0.00124855
frame_42
id: 42
stamp: 1772811542.378795862
T_odom_lidar: 
   0.999907  0.00374589  -0.0131079 -0.00373685
-0.00305883     0.99864   0.0520484   0.0103439
   0.013285  -0.0520035    0.998559 -0.00665644
          0           0           0           1
T_world_lidar: 
   0.999907  0.00374589  -0.0131079 -0.00373685
-0.00305883     0.99864   0.0520484   0.0103439
   0.013285  -0.0520035    0.998559 -0.00665644
          0           0           0           1
v_world_imu:  0.00405582  0.00176521 -0.00735722
frame_43
id: 43
stamp: 1772811542.478777409
T_odom_lidar: 
   0.999915   0.0037018  -0.0125134 -0.00347811
-0.00305436    0.998675   0.0513688   0.0101349
  0.0126869  -0.0513262    0.998601 -0.00676279
          0           0           0           1
T_world_lidar: 
   0.999915   0.0037018  -0.0125134 -0.00347811
-0.00305436    0.998675   0.0513688   0.0101349
  0.0126869  -0.0513262    0.998601 -0.00676279
          0           0           0           1
v_world_imu:  -0.00325745 -0.000971908   0.00213499
frame_44
id: 44
stamp: 1772811542.578951120
T_odom_lidar: 
   0.999914  0.00333138  -0.0126999  -0.0038488
 -0.0026648    0.998636   0.0521469   0.0100906
  0.0128563  -0.0521086    0.998559 -0.00662419
          0           0           0           1
T_world_lidar: 
   0.999914  0.00333138  -0.0126999  -0.0038488
 -0.0026648    0.998636   0.0521469   0.0100906
  0.0128563  -0.0521086    0.998559 -0.00662419
          0           0           0           1
v_world_imu: -0.00218358 1.62711e-05 -0.00121267
frame_45
id: 45
stamp: 1772811542.678860426
T_odom_lidar: 
   0.999911  0.00376915  -0.0128255  -0.0039615
-0.00309966    0.998651   0.0518248   0.0100137
  0.0130035  -0.0517804    0.998574 -0.00655075
          0           0           0           1
T_world_lidar: 
   0.999911  0.00376915  -0.0128255  -0.0039615
-0.00309966    0.998651   0.0518248   0.0100137
  0.0130035  -0.0517804    0.998574 -0.00655075
          0           0           0           1
v_world_imu:  -0.00253148  0.000970389 -0.000565913
frame_46
id: 46
stamp: 1772811542.778835297
T_odom_lidar: 
    0.99991  0.00368742  -0.0129346 -0.00438208
-0.00301011    0.998643   0.0519987   0.0103206
  0.0131088  -0.0519551    0.998563 -0.00663649
          0           0           0           1
T_world_lidar: 
    0.99991  0.00368742  -0.0129346 -0.00438208
-0.00301011    0.998643   0.0519987   0.0103206
  0.0131088  -0.0519551    0.998563 -0.00663649
          0           0           0           1
v_world_imu: -0.00949642  0.00357429 0.000560044
frame_47
id: 47
stamp: 1772811542.878814220
T_odom_lidar: 
   0.999915  0.00383609  -0.0124235 -0.00460048
-0.00318919    0.998659   0.0516781   0.0105918
   0.012605  -0.0516341    0.998587  -0.0069236
          0           0           0           1
T_world_lidar: 
   0.999915  0.00383609  -0.0124235 -0.00460048
-0.00318919    0.998659   0.0516781   0.0105918
   0.012605  -0.0516341    0.998587  -0.0069236
          0           0           0           1
v_world_imu:  0.00245958 0.000163756 -0.00202983
frame_48
id: 48
stamp: 1772811542.978881359
T_odom_lidar: 
    0.99991  0.00411166  -0.0127716 -0.00456782
-0.00344146    0.998638   0.0520611   0.0108049
  0.0129682  -0.0520124    0.998562 -0.00688676
          0           0           0           1
T_world_lidar: 
    0.99991  0.00411166  -0.0127716 -0.00456782
-0.00344146    0.998638   0.0520611   0.0108049
  0.0129682  -0.0520124    0.998562 -0.00688676
          0           0           0           1
v_world_imu: -0.00373348  0.00380905  0.00496689
frame_49
id: 49
stamp: 1772811543.078835964
T_odom_lidar: 
   0.999913  0.00416115  -0.0125463 -0.00494589
-0.00350312     0.99864    0.052021   0.0111018
  0.0127457  -0.0519725    0.998567  -0.0064498
          0           0           0           1
T_world_lidar: 
   0.999913  0.00416115  -0.0125463 -0.00494589
-0.00350312     0.99864    0.052021   0.0111018
  0.0127457  -0.0519725    0.998567  -0.0064498
          0           0           0           1
v_world_imu: 0.000906713  0.00277458   0.0024053
frame_50
id: 50
stamp: 1772811543.178740263
T_odom_lidar: 
   0.999915  0.00413123  -0.0123347 -0.00487317
-0.00348906     0.99866   0.0516372   0.0111239
  0.0125315  -0.0515898     0.99859  -0.0065895
          0           0           0           1
T_world_lidar: 
   0.999915  0.00413123  -0.0123347 -0.00487317
-0.00348906     0.99866   0.0516372   0.0111239
  0.0125315  -0.0515898     0.99859  -0.0065895
          0           0           0           1
v_world_imu:  -0.00673853   0.00201692 -0.000952609
frame_51
id: 51
stamp: 1772811543.278752089
T_odom_lidar: 
   0.999911  0.00404282   -0.012681 -0.00574431
-0.00337652    0.998635   0.0521314   0.0112779
  0.0128745   -0.052084     0.99856 -0.00621913
          0           0           0           1
T_world_lidar: 
   0.999911  0.00404282   -0.012681 -0.00574431
-0.00337652    0.998635   0.0521314   0.0112779
  0.0128745   -0.052084     0.99856 -0.00621913
          0           0           0           1
v_world_imu:   0.00168222  0.000880191 -0.000618871
frame_52
id: 52
stamp: 1772811543.378692150
T_odom_lidar: 
   0.999914  0.00391156  -0.0125268  -0.0054762
-0.00325482     0.99864   0.0520252    0.011082
  0.0127133  -0.0519799    0.998567 -0.00617469
          0           0           0           1
T_world_lidar: 
   0.999914  0.00391156  -0.0125268  -0.0054762
-0.00325482     0.99864   0.0520252    0.011082
  0.0127133  -0.0519799    0.998567 -0.00617469
          0           0           0           1
v_world_imu: -0.00605332 -0.00161586 -0.00181023
frame_53
id: 53
stamp: 1772811543.478735685
T_odom_lidar: 
   0.999913  0.00381109  -0.0126617   -0.005799
-0.00315479     0.99867   0.0514553   0.0108345
   0.012841  -0.0514109    0.998595 -0.00653883
          0           0           0           1
T_world_lidar: 
   0.999913  0.00381109  -0.0126617   -0.005799
-0.00315479     0.99867   0.0514553   0.0108345
   0.012841  -0.0514109    0.998595 -0.00653883
          0           0           0           1
v_world_imu: -0.000107108  -0.00286479   -0.0127982
frame_54
id: 54
stamp: 1772811543.578839302
T_odom_lidar: 
   0.999914  0.00384382   -0.012566 -0.00541487
-0.00319024    0.998661   0.0516246   0.0106695
  0.0127476  -0.0515801    0.998587 -0.00703061
          0           0           0           1
T_world_lidar: 
   0.999914  0.00384382   -0.012566 -0.00541487
-0.00319024    0.998661   0.0516246   0.0106695
  0.0127476  -0.0515801    0.998587 -0.00703061
          0           0           0           1
v_world_imu:  0.00576084 -0.00223011 -0.00261849
frame_55
id: 55
stamp: 1772811543.678989410
T_odom_lidar: 
   0.999908  0.00396525  -0.0129733  -0.0047077
-0.00329118    0.998664   0.0515726   0.0108038
  0.0131605  -0.0515251    0.998585 -0.00743829
          0           0           0           1
T_world_lidar: 
   0.999908  0.00396525  -0.0129733  -0.0047077
-0.00329118    0.998664   0.0515726   0.0108038
  0.0131605  -0.0515251    0.998585 -0.00743829
          0           0           0           1
v_world_imu: 0.00263203 0.00651151 -0.0017498
frame_56
id: 56
stamp: 1772811543.779117346
T_odom_lidar: 
   0.999905  0.00401613  -0.0132089 -0.00412543
-0.00332134    0.998631   0.0522071   0.0111125
  0.0134005  -0.0521583    0.998549 -0.00713214
          0           0           0           1
T_world_lidar: 
   0.999905  0.00401613  -0.0132089 -0.00412543
-0.00332134    0.998631   0.0522071   0.0111125
  0.0134005  -0.0521583    0.998549 -0.00713214
          0           0           0           1
v_world_imu:  0.00479128 -0.00041137  0.00354325
frame_57
id: 57
stamp: 1772811543.879090309
T_odom_lidar: 
   0.999913  0.00431835  -0.0124637  -0.0037841
-0.00366858    0.998656   0.0516928   0.0108869
  0.0126701  -0.0516426    0.998585 -0.00701342
          0           0           0           1
T_world_lidar: 
   0.999913  0.00431835  -0.0124637  -0.0037841
-0.00366858    0.998656   0.0516928   0.0108869
  0.0126701  -0.0516426    0.998585 -0.00701342
          0           0           0           1
v_world_imu:   0.0012513   0.0023797 -0.00151863
frame_58
id: 58
stamp: 1772811543.979033232
T_odom_lidar: 
   0.999915  0.00387866  -0.0124334 -0.00382295
-0.00323183    0.998661   0.0516278   0.0109343
   0.012617  -0.0515833    0.998589 -0.00702625
          0           0           0           1
T_world_lidar: 
   0.999915  0.00387866  -0.0124334 -0.00382295
-0.00323183    0.998661   0.0516278   0.0109343
   0.012617  -0.0515833    0.998589 -0.00702625
          0           0           0           1
v_world_imu:  0.00360023 -0.00415651  0.00293052
frame_59
id: 59
stamp: 1772811544.078972578
T_odom_lidar: 
   0.999907   0.0041626  -0.0130181 -0.00340103
-0.00348286    0.998651   0.0518087   0.0102642
  0.0132162  -0.0517585    0.998572 -0.00733668
          0           0           0           1
T_world_lidar: 
   0.999907   0.0041626  -0.0130181 -0.00340103
-0.00348286    0.998651   0.0518087   0.0102642
  0.0132162  -0.0517585    0.998572 -0.00733668
          0           0           0           1
v_world_imu:  0.000388561 -0.000770219  -0.00469115
frame_60
id: 60
stamp: 1772811544.178946495
T_odom_lidar: 
   0.999915  0.00368684  -0.0125117 -0.00352191
-0.00302399    0.998612   0.0525901   0.0103634
  0.0126882  -0.0525478    0.998538 -0.00709838
          0           0           0           1
T_world_lidar: 
   0.999915  0.00368684  -0.0125117 -0.00352191
-0.00302399    0.998612   0.0525901   0.0103634
  0.0126882  -0.0525478    0.998538 -0.00709838
          0           0           0           1
v_world_imu: 0.00351085 -0.0018317 0.00202424
frame_61
id: 61
stamp: 1772811544.278881311
T_odom_lidar: 
    0.99991  0.00418863  -0.0127752 -0.00350881
-0.00352845    0.998679   0.0512684  0.00995768
   0.012973  -0.0512187    0.998603 -0.00687036
          0           0           0           1
T_world_lidar: 
    0.99991  0.00418863  -0.0127752 -0.00350881
-0.00352845    0.998679   0.0512684  0.00995768
   0.012973  -0.0512187    0.998603 -0.00687036
          0           0           0           1
v_world_imu: -0.00482608 -0.00141146  0.00389402
frame_62
id: 62
stamp: 1772811544.378752947
T_odom_lidar: 
   0.999913  0.00403156  -0.0125934 -0.00378932
-0.00337153    0.998641    0.051999   0.0102879
  0.0127859  -0.0519519    0.998568 -0.00634773
          0           0           0           1
T_world_lidar: 
   0.999913  0.00403156  -0.0125934 -0.00378932
-0.00337153    0.998641    0.051999   0.0102879
  0.0127859  -0.0519519    0.998568 -0.00634773
          0           0           0           1
v_world_imu: -6.57756e-05   0.00543249  -0.00127777
frame_63
id: 63
stamp: 1772811544.478613615
T_odom_lidar: 
   0.999907  0.00378285  -0.0131167 -0.00355911
-0.00309686    0.998646   0.0519304   0.0103095
  0.0132954  -0.0518849    0.998565 -0.00661187
          0           0           0           1
T_world_lidar: 
   0.999907  0.00378285  -0.0131167 -0.00355911
-0.00309686    0.998646   0.0519304   0.0103095
  0.0132954  -0.0518849    0.998565 -0.00661187
          0           0           0           1
v_world_imu: -0.000214454  -0.00254183  -0.00675543
frame_64
id: 64
stamp: 1772811544.578702927
T_odom_lidar: 
   0.999916  0.00399698  -0.0123593 -0.00330913
-0.00335268    0.998656   0.0517188   0.0101419
  0.0125494   -0.051673    0.998585 -0.00710644
          0           0           0           1
T_world_lidar: 
   0.999916  0.00399698  -0.0123593 -0.00330913
-0.00335268    0.998656   0.0517188   0.0101419
  0.0125494   -0.051673    0.998585 -0.00710644
          0           0           0           1
v_world_imu:   0.00119734 -0.000250778  -0.00874885
frame_65
id: 65
stamp: 1772811544.678673744
T_odom_lidar: 
   0.999912  0.00387449  -0.0126785 -0.00353519
-0.00320511    0.998621   0.0523975     0.01009
   0.012864  -0.0523523    0.998546 -0.00716957
          0           0           0           1
T_world_lidar: 
   0.999912  0.00387449  -0.0126785 -0.00353519
-0.00320511    0.998621   0.0523975     0.01009
   0.012864  -0.0523523    0.998546 -0.00716957
          0           0           0           1
v_world_imu: -0.00727626 -0.00114766    0.003636
frame_66
id: 66
stamp: 1772811544.778466225
T_odom_lidar: 
   0.999908  0.00424566  -0.0129135 -0.00386919
-0.00357418    0.998662    0.051584   0.0101745
  0.0131152  -0.0515331    0.998585 -0.00689991
          0           0           0           1
T_world_lidar: 
   0.999908  0.00424566  -0.0129135 -0.00386919
-0.00357418    0.998662    0.051584   0.0101745
  0.0131152  -0.0515331    0.998585 -0.00689991
          0           0           0           1
v_world_imu: -0.00454278  0.00256948 -0.00263094
frame_67
id: 67
stamp: 1772811544.878419161
T_odom_lidar: 
    0.99991  0.00391843  -0.0128186 -0.00431175
-0.00324244    0.998624    0.052338   0.0105355
   0.013006  -0.0522917    0.998547 -0.00706751
          0           0           0           1
T_world_lidar: 
    0.99991  0.00391843  -0.0128186 -0.00431175
-0.00324244    0.998624    0.052338   0.0105355
   0.013006  -0.0522917    0.998547 -0.00706751
          0           0           0           1
v_world_imu: -0.00397303  0.00213665 0.000634034
frame_68
id: 68
stamp: 1772811544.978433132
T_odom_lidar: 
    0.99991  0.00431837  -0.0127278 -0.00418609
 -0.0036591    0.998673   0.0513732   0.0106725
  0.0129328   -0.051322    0.998598 -0.00726857
          0           0           0           1
T_world_lidar: 
    0.99991  0.00431837  -0.0127278 -0.00418609
 -0.0036591    0.998673   0.0513732   0.0106725
  0.0129328   -0.051322    0.998598 -0.00726857
          0           0           0           1
v_world_imu:  0.00209146  0.00224922 -0.00113552
frame_69
id: 69
stamp: 1772811545.078525305
T_odom_lidar: 
   0.999904  0.00404976  -0.0132724 -0.00435812
-0.00335842    0.998657   0.0517031   0.0109184
   0.013464  -0.0516536    0.998574 -0.00694608
          0           0           0           1
T_world_lidar: 
   0.999904  0.00404976  -0.0132724 -0.00435812
-0.00335842    0.998657   0.0517031   0.0109184
   0.013464  -0.0516536    0.998574 -0.00694608
          0           0           0           1
v_world_imu: -0.00672576   0.0047053  0.00581759
frame_70
id: 70
stamp: 1772811545.178603172
T_odom_lidar: 
   0.999909  0.00388384  -0.0129444 -0.00444521
-0.00321801     0.99869   0.0510672   0.0108911
  0.0131258  -0.0510209    0.998611 -0.00701177
          0           0           0           1
T_world_lidar: 
   0.999909  0.00388384  -0.0129444 -0.00444521
-0.00321801     0.99869   0.0510672   0.0108911
  0.0131258  -0.0510209    0.998611 -0.00701177
          0           0           0           1
v_world_imu:  0.00015775 0.000273829 -0.00204582
frame_71
id: 71
stamp: 1772811545.278557301
T_odom_lidar: 
    0.99991  0.00430897  -0.0126668 -0.00451087
-0.00364988    0.998661    0.051603   0.0109532
  0.0128722  -0.0515522    0.998587 -0.00672451
          0           0           0           1
T_world_lidar: 
    0.99991  0.00430897  -0.0126668 -0.00451087
-0.00364988    0.998661    0.051603   0.0109532
  0.0128722  -0.0515522    0.998587 -0.00672451
          0           0           0           1
v_world_imu: -0.00368183  0.00299261  0.00506314
frame_72
id: 72
stamp: 1772811545.378563404
T_odom_lidar: 
   0.999908  0.00370686  -0.0130711 -0.00446541
-0.00302398    0.998649   0.0518816   0.0110668
  0.0132458  -0.0518373    0.998568 -0.00631217
          0           0           0           1
T_world_lidar: 
   0.999908  0.00370686  -0.0130711 -0.00446541
-0.00302398    0.998649   0.0518816   0.0110668
  0.0132458  -0.0518373    0.998568 -0.00631217
          0           0           0           1
v_world_imu: -0.000417239  -0.00141135   8.8194e-05
frame_73
id: 73
stamp: 1772811545.478549719
T_odom_lidar: 
   0.999913  0.00401873  -0.0125875 -0.00459605
-0.00336367     0.99866   0.0516365   0.0110417
  0.0127782  -0.0515896    0.998587 -0.00615773
          0           0           0           1
T_world_lidar: 
   0.999913  0.00401873  -0.0125875 -0.00459605
-0.00336367     0.99866   0.0516365   0.0110417
  0.0127782  -0.0515896    0.998587 -0.00615773
          0           0           0           1
v_world_imu: -0.00697312  0.00435219 -0.00241459
frame_74
id: 74
stamp: 1772811545.578464746
T_odom_lidar: 
   0.999914  0.00399333  -0.0125182 -0.00502129
-0.00333813    0.998645   0.0519307   0.0110652
  0.0127086  -0.0518844    0.998572 -0.00629495
          0           0           0           1
T_world_lidar: 
   0.999914  0.00399333  -0.0125182 -0.00502129
-0.00333813    0.998645   0.0519307   0.0110652
  0.0127086  -0.0518844    0.998572 -0.00629495
          0           0           0           1
v_world_imu: -0.00440333 -0.00174117 -0.00376746
frame_75
id: 75
stamp: 1772811545.678426504
T_odom_lidar: 
   0.999916  0.00404645    -0.01231 -0.00503448
-0.00341044     0.99868   0.0512557   0.0108858
  0.0125011  -0.0512094     0.99861 -0.00634334
          0           0           0           1
T_world_lidar: 
   0.999916  0.00404645    -0.01231 -0.00503448
-0.00341044     0.99868   0.0512557   0.0108858
  0.0125011  -0.0512094     0.99861 -0.00634334
          0           0           0           1
v_world_imu: -0.00130805  -0.0020389  0.00123288
frame_76
id: 76
stamp: 1772811545.778426647
T_odom_lidar: 
   0.999909  0.00403288  -0.0128539 -0.00516568
-0.00336042    0.998646   0.0519141   0.0109559
  0.0130458  -0.0518662    0.998569 -0.00644825
          0           0           0           1
T_world_lidar: 
   0.999909  0.00403288  -0.0128539 -0.00516568
-0.00336042    0.998646   0.0519141   0.0109559
  0.0130458  -0.0518662    0.998569 -0.00644825
